chr	pos	ref	alt	gene	classification	t_ref_count	t_alt_count	total_depth	vaf	local_cn	major_cn	minor_cn	mcn	multiplicity	ccf	ccf_capped	is_clonal	purity	ploidy
1	11887244	C	T	CLCN6	Missense_Mutation	40	10	50	0.2	2	2	0	0.8511	1	0.8511	0.8511	True	0.47	2.07
1	16378205	G	A	CLCNKB	Missense_Mutation	102	36	138	0.2608695652173913	2	2	0	1.1101	1	1.1101	1.0	True	0.47	2.07
1	17326973	G	A	ATP13A2	Silent	15	19	34	0.5588235294117647	2	2	0	2.378	2	1.189	1.0	True	0.47	2.07
1	17672607	G	A	PADI4	Silent	34	22	56	0.39285714285714285	2	2	0	1.6717	2	0.8359	0.8359	False	0.47	2.07
1	23381647	C	T	KDM1A	Silent	106	82	188	0.43617021276595747	2	2	0	1.856	2	0.928	0.928	True	0.47	2.07
1	23381648	C	T	KDM1A	Silent	102	80	182	0.43956043956043955	2	2	0	1.8705	2	0.9352	0.9352	True	0.47	2.07
1	33990587	C	T	CSMD2	Missense_Mutation	117	87	204	0.4264705882352941	2	2	0	1.8148	2	0.9074	0.9074	True	0.47	2.07
1	34080130	C	T	CSMD2	Nonsense_Mutation	18	11	29	0.3793103448275862	2	2	0	1.6141	2	0.807	0.807	False	0.47	2.07
1	34401533	C	T	CSMD2	Silent	59	18	77	0.23376623376623376	2	2	0	0.9947	1	0.9947	0.9947	True	0.47	2.07
1	36521444	C	T	AGO3	3'UTR	7	3	10	0.3	2	2	0	1.2766	1	1.2766	1.0	True	0.47	2.07
1	39788335	C	T	MACF1	Missense_Mutation	113	33	146	0.22602739726027396	2	2	0	0.9618	1	0.9618	0.9618	True	0.47	2.07
1	39788336	C	T	MACF1	Silent	113	32	145	0.2206896551724138	2	2	0	0.9391	1	0.9391	0.9391	True	0.47	2.07
1	41978972	C	T	HIVEP3	Missense_Mutation	72	43	115	0.3739130434782609	2	2	0	1.5911	2	0.7956	0.7956	False	0.47	2.07
1	43300731	C	T	ERMAP	Silent	82	34	116	0.29310344827586204	2	2	0	1.2472	1	1.2472	1.0	True	0.47	2.07
1	43853204	C	G	MED8	Silent	28	36	64	0.5625	2	2	0	2.3936	2	1.1968	1.0	True	0.47	2.07
1	45960678	G	A	CCDC163P	3'Flank	20	18	38	0.47368421052631576	2	2	0	2.0157	2	1.0078	1.0	True	0.47	2.07
1	47515966	G	A	CYP4X1	3'UTR	7	11	18	0.6111111111111112	2	2	0	2.6005	2	1.3002	1.0	True	0.47	2.07
1	82416062	C	T	LPHN2	Missense_Mutation	30	23	53	0.4339622641509434	2	2	0	1.8466	2	0.9233	0.9233	True	0.47	2.07
1	87029358	C	T	CLCA4	Missense_Mutation	50	16	66	0.24242424242424243	2	2	0	1.0316	1	1.0316	1.0	True	0.47	2.07
1	89607244	C	T	GBP7	Missense_Mutation	63	52	115	0.45217391304347826	2	2	0	1.9241	2	0.9621	0.9621	True	0.47	2.07
1	89607329	T	G	GBP7	Silent	65	21	86	0.2441860465116279	2	2	0	1.0391	1	1.0391	1.0	True	0.47	2.07
1	103354185	C	T	COL11A1	Missense_Mutation	44	12	56	0.21428571428571427	2	2	0	0.9119	1	0.9119	0.9119	True	0.47	2.07
1	111490575	G	A	LRIF1	3'UTR	106	19	125	0.152	2	2	0	0.6468	1	0.6468	0.6468	False	0.47	2.07
1	111857955	C	T	CHIA	Silent	85	91	176	0.5170454545454546	2	2	0	2.2002	2	1.1001	1.0	True	0.47	2.07
1	112042569	T	A	ADORA3	Intron	44	30	74	0.40540540540540543	2	2	0	1.7251	2	0.8626	0.8626	True	0.47	2.07
1	115256530	G	T	NRAS	Missense_Mutation	120	81	201	0.40298507462686567	2	2	0	1.7148	2	0.8574	0.8574	True	0.47	2.07
1	145415587	C	T	HFE2	Missense_Mutation	19	14	33	0.42424242424242425	2	2	0	1.8053	2	0.9026	0.9026	True	0.47	2.07
1	150128401	G	A	PLEKHO1	Splice_Site	47	32	79	0.4050632911392405	2	2	0	1.7237	2	0.8618	0.8618	True	0.47	2.07
1	153012733	C	T	SPRR2D	Silent	137	38	175	0.21714285714285714	2	2	0	0.924	1	0.924	0.924	True	0.47	2.07
1	158299161	C	T	CD1B	Nonsense_Mutation	55	14	69	0.2028985507246377	2	2	0	0.8634	1	0.8634	0.8634	True	0.47	2.07
1	158299162	C	T	CD1B	Nonsense_Mutation	55	14	69	0.2028985507246377	2	2	0	0.8634	1	0.8634	0.8634	True	0.47	2.07
1	159410378	C	G	OR10J1	Missense_Mutation	71	62	133	0.46616541353383456	2	2	0	1.9837	2	0.9918	0.9918	True	0.47	2.07
1	171621186	C	T	MYOC	Missense_Mutation	254	70	324	0.21604938271604937	2	2	0	0.9194	1	0.9194	0.9194	True	0.47	2.07
1	175365849	G	A	TNR	Silent	61	48	109	0.44036697247706424	2	2	0	1.8739	2	0.937	0.937	True	0.47	2.07
1	197032094	T	C	F13B	Missense_Mutation	155	47	202	0.23267326732673269	2	2	0	0.9901	1	0.9901	0.9901	True	0.47	2.07
1	203017437	G	A	PPFIA4	5'Flank	19	14	33	0.42424242424242425	2	2	0	1.8053	2	0.9026	0.9026	True	0.47	2.07
1	203198762	C	T	CHIT1	Translation_Start_Site	28	7	35	0.2	2	2	0	0.8511	1	0.8511	0.8511	True	0.47	2.07
1	203708954	C	T	ATP2B4	Missense_Mutation	29	40	69	0.5797101449275363	2	2	0	2.4669	2	1.2334	1.0	True	0.47	2.07
1	207741239	C	T	CR1	Silent	185	61	246	0.24796747967479674	2	2	0	1.0552	1	1.0552	1.0	True	0.47	2.07
1	210970866	C	T	KCNH1	Silent	73	59	132	0.44696969696969696	2	2	0	1.902	2	0.951	0.951	True	0.47	2.07
1	216591896	C	T	USH2A	Missense_Mutation	81	16	97	0.16494845360824742	2	2	0	0.7019	1	0.7019	0.7019	False	0.47	2.07
1	223567300	C	T	C1orf65	Silent	11	13	24	0.5416666666666666	2	2	0	2.305	2	1.1525	1.0	True	0.47	2.07
1	226074672	G	A	LEFTY1	Missense_Mutation	21	5	26	0.19230769230769232	2	2	0	0.8183	1	0.8183	0.8183	False	0.47	2.07
1	228109337	C	T	WNT9A	Missense_Mutation	38	8	46	0.17391304347826086	2	2	0	0.7401	1	0.7401	0.7401	False	0.47	2.07
1	232538146	G	A	SIPA1L2	Missense_Mutation	26	25	51	0.49019607843137253	2	2	0	2.0859	2	1.043	1.0	True	0.47	2.07
1	248790366	C	T	OR2T11	Missense_Mutation	71	19	90	0.2111111111111111	2	2	0	0.8983	1	0.8983	0.8983	True	0.47	2.07
2	26152834	G	A	KIF3C	Missense_Mutation	88	37	125	0.296	2	1	1	1.2596	1	1.2596	1.0	True	0.47	2.07
2	26152835	G	A	KIF3C	Missense_Mutation	90	37	127	0.29133858267716534	2	1	1	1.2397	1	1.2397	1.0	True	0.47	2.07
2	29519898	C	A	ALK	Missense_Mutation	62	16	78	0.20512820512820512	2	1	1	0.8729	1	0.8729	0.8729	True	0.47	2.07
2	31602786	G	A	XDH	Silent	90	23	113	0.20353982300884957	2	1	1	0.8661	1	0.8661	0.8661	True	0.47	2.07
2	33505195	G	A	LTBP1	Missense_Mutation	71	22	93	0.23655913978494625	2	1	1	1.0066	1	1.0066	1.0	True	0.47	2.07
2	39431685	C	T	CDKL4	Missense_Mutation	37	8	45	0.17777777777777778	2	1	1	0.7565	1	0.7565	0.7565	False	0.47	2.07
2	40656791	C	T	SLC8A1	Nonsense_Mutation	45	11	56	0.19642857142857142	2	1	1	0.8359	1	0.8359	0.8359	False	0.47	2.07
2	48023039	A	G	MSH6	Missense_Mutation	45	5	50	0.1	2	1	1	0.4255	1	0.4255	0.4255	False	0.47	2.07
2	48936112	G	A	LHCGR	Missense_Mutation	126	33	159	0.20754716981132076	2	1	1	0.8832	1	0.8832	0.8832	True	0.47	2.07
2	61300669	G	C	KIAA1841	Missense_Mutation	43	8	51	0.1568627450980392	2	1	1	0.6675	1	0.6675	0.6675	False	0.47	2.07
2	71827915	G	A	DYSF	Silent	115	38	153	0.24836601307189543	2	1	1	1.0569	1	1.0569	1.0	True	0.47	2.07
2	71896784	C	T	DYSF	Missense_Mutation	107	30	137	0.21897810218978103	2	1	1	0.9318	1	0.9318	0.9318	True	0.47	2.07
2	73466833	G	T	CCT7	Silent	32	7	39	0.1794871794871795	2	1	1	0.7638	1	0.7638	0.7638	False	0.47	2.07
2	79384774	C	T	REG3A	Missense_Mutation	97	18	115	0.1565217391304348	2	1	1	0.666	1	0.666	0.666	False	0.47	2.07
2	84668385	G	A	SUCLG1	Missense_Mutation	90	23	113	0.20353982300884957	2	1	1	0.8661	1	0.8661	0.8661	True	0.47	2.07
2	101097591	C	T	NMS	Missense_Mutation	123	37	160	0.23125	2	1	1	0.984	1	0.984	0.984	True	0.47	2.07
2	102791057	C	T	IL1R1	Silent	30	12	42	0.2857142857142857	2	1	1	1.2158	1	1.2158	1.0	True	0.47	2.07
2	102791117	C	T	IL1R1	Silent	49	21	70	0.3	2	1	1	1.2766	1	1.2766	1.0	True	0.47	2.07
2	108609540	G	A	SLC5A7	Silent	54	29	83	0.3493975903614458	2	1	1	1.4868	1	1.4868	1.0	True	0.47	2.07
2	112754998	T	A	MERTK	Missense_Mutation	112	32	144	0.2222222222222222	2	1	1	0.9456	1	0.9456	0.9456	True	0.47	2.07
2	113537239	G	A	IL1A	Silent	92	22	114	0.19298245614035087	2	1	1	0.8212	1	0.8212	0.8212	False	0.47	2.07
2	115200379	C	T	DPP10	Silent	45	15	60	0.25	2	1	1	1.0638	1	1.0638	1.0	True	0.47	2.07
2	119604321	C	G	EN1	Silent	36	4	40	0.1	2	1	1	0.4255	1	0.4255	0.4255	False	0.47	2.07
2	119739977	G	A	MARCO	Missense_Mutation	153	44	197	0.2233502538071066	2	1	1	0.9504	1	0.9504	0.9504	True	0.47	2.07
2	131976362	G	A	POTEE	Missense_Mutation	110	19	129	0.14728682170542637	2	1	1	0.6268	1	0.6268	0.6268	False	0.47	2.07
2	141232749	G	A	LRP1B	Missense_Mutation	74	29	103	0.2815533980582524	3	2	1	1.4797	1	1.4797	1.0	True	0.47	2.07
2	152541388	G	A	NEB	Silent	36	6	42	0.14285714285714285	3	2	1	0.7508	1	0.7508	0.7508	False	0.47	2.07
2	163360985	G	A	KCNH7	Nonsense_Mutation	134	64	198	0.32323232323232326	3	2	1	1.6987	2	0.8493	0.8493	False	0.47	2.07
2	165353893	G	A	GRB14	Silent	129	29	158	0.18354430379746836	3	2	1	0.9646	1	0.9646	0.9646	True	0.47	2.07
2	166019296	T	G	SCN3A	Missense_Mutation	160	22	182	0.12087912087912088	3	2	1	0.6353	1	0.6353	0.6353	False	0.47	2.07
2	166026969	C	T	SCN3A	Silent	43	14	57	0.24561403508771928	3	2	1	1.2908	1	1.2908	1.0	True	0.47	2.07
2	166535800	C	T	CSRNP3	Missense_Mutation	124	48	172	0.27906976744186046	3	2	1	1.4666	1	1.4666	1.0	True	0.47	2.07
2	167168272	C	T	SCN9A	5'UTR	58	17	75	0.22666666666666666	3	2	1	1.1912	1	1.1912	1.0	True	0.47	2.07
2	170062081	G	A	LRP2	Silent	68	39	107	0.3644859813084112	3	2	1	1.9155	2	0.9577	0.9577	True	0.47	2.07
2	176948377	G	A	EVX2	Missense_Mutation	71	9	80	0.1125	3	2	1	0.5912	1	0.5912	0.5912	False	0.47	2.07
2	179542417	C	T	TTN	Missense_Mutation	80	45	125	0.36	3	2	1	1.8919	2	0.946	0.946	True	0.47	2.07
2	179710443	C	T	CCDC141	Silent	38	18	56	0.32142857142857145	3	2	1	1.6892	2	0.8446	0.8446	False	0.47	2.07
2	197183995	G	A	HECW2	Missense_Mutation	57	16	73	0.2191780821917808	2	1	1	0.9327	1	0.9327	0.9327	True	0.47	2.07
2	205990441	C	A	PARD3B	Missense_Mutation	108	34	142	0.23943661971830985	2	1	1	1.0189	1	1.0189	1.0	True	0.47	2.07
2	208631601	G	A	FZD5	3'UTR	49	11	60	0.18333333333333332	2	1	1	0.7801	1	0.7801	0.7801	False	0.47	2.07
2	209358099	G	A	PTH2R	Silent	39	11	50	0.22	2	1	1	0.9362	1	0.9362	0.9362	True	0.47	2.07
2	210940450	G	A	KANSL1L	Silent	44	8	52	0.15384615384615385	2	1	1	0.6547	1	0.6547	0.6547	False	0.47	2.07
2	215815680	G	A	ABCA12	Missense_Mutation	116	40	156	0.2564102564102564	2	1	1	1.0911	1	1.0911	1.0	True	0.47	2.07
2	219204780	C	T	PNKD	Silent	54	19	73	0.2602739726027397	2	1	1	1.1075	1	1.1075	1.0	True	0.47	2.07
2	219301314	G	A	VIL1	Missense_Mutation	154	42	196	0.21428571428571427	2	1	1	0.9119	1	0.9119	0.9119	True	0.47	2.07
2	231177494	G	A	SP140	3'UTR	34	5	39	0.1282051282051282	2	1	1	0.5456	1	0.5456	0.5456	False	0.47	2.07
2	232087527	A	G	ARMC9	Silent	41	10	51	0.19607843137254902	2	1	1	0.8344	1	0.8344	0.8344	False	0.47	2.07
2	233990529	G	A	INPP5D	Missense_Mutation	32	3	35	0.08571428571428572	2	1	1	0.3647	1	0.3647	0.3647	False	0.47	2.07
3	10264317	C	T	IRAK2	Intron	98	36	134	0.26865671641791045	2	1	1	1.1432	1	1.1432	1.0	True	0.47	2.07
3	10280489	C	T	IRAK2	Missense_Mutation	119	34	153	0.2222222222222222	2	1	1	0.9456	1	0.9456	0.9456	True	0.47	2.07
3	12650812	T	G	RAF1	Missense_Mutation	96	34	130	0.26153846153846155	2	1	1	1.1129	1	1.1129	1.0	True	0.47	2.07
3	20141445	A	T	KAT2B	Missense_Mutation	47	10	57	0.17543859649122806	2	1	1	0.7465	1	0.7465	0.7465	False	0.47	2.07
3	30769703	G	A	GADL1	3'UTR	90	19	109	0.1743119266055046	2	1	1	0.7418	1	0.7418	0.7418	False	0.47	2.07
3	32490966	C	T	CMTM7	Silent	112	27	139	0.19424460431654678	2	1	1	0.8266	1	0.8266	0.8266	False	0.47	2.07
3	32568224	G	A	DYNC1LI1	3'UTR	26	12	38	0.3157894736842105	2	1	1	1.3438	1	1.3438	1.0	True	0.47	2.07
3	36756934	G	A	DCLK3	Missense_Mutation	60	17	77	0.22077922077922077	2	1	1	0.9395	1	0.9395	0.9395	True	0.47	2.07
3	36897918	C	T	TRANK1	Missense_Mutation	29	8	37	0.21621621621621623	2	1	1	0.9201	1	0.9201	0.9201	True	0.47	2.07
3	38645360	G	A	SCN5A	Missense_Mutation	107	30	137	0.21897810218978103	2	1	1	0.9318	1	0.9318	0.9318	True	0.47	2.07
3	45127319	G	A	CDCP1	Silent	90	27	117	0.23076923076923078	2	1	1	0.982	1	0.982	0.982	True	0.47	2.07
3	47039691	C	T	NBEAL2	Silent	18	6	24	0.25	2	1	1	1.0638	1	1.0638	1.0	True	0.47	2.07
3	47039692	C	T	NBEAL2	Missense_Mutation	18	6	24	0.25	2	1	1	1.0638	1	1.0638	1.0	True	0.47	2.07
3	48730484	G	A	IP6K2	Silent	206	62	268	0.23134328358208955	2	1	1	0.9844	1	0.9844	0.9844	True	0.47	2.07
3	48730485	G	A	IP6K2	Silent	205	62	267	0.23220973782771537	2	1	1	0.9881	1	0.9881	0.9881	True	0.47	2.07
3	50329957	G	A	IFRD2	5'Flank	40	10	50	0.2	2	1	1	0.8511	1	0.8511	0.8511	True	0.47	2.07
3	54928764	T	C	CACNA2D3	Intron	7	2	9	0.2222222222222222	2	1	1	0.9456	1	0.9456	0.9456	True	0.47	2.07
3	64617578	T	G	ADAMTS9	Missense_Mutation	52	24	76	0.3157894736842105	2	1	1	1.3438	1	1.3438	1.0	True	0.47	2.07
3	98073443	C	T	OR5K4	Missense_Mutation	79	23	102	0.22549019607843138	2	1	1	0.9595	1	0.9595	0.9595	True	0.47	2.07
3	100963506	A	C	IMPG2	Missense_Mutation	132	40	172	0.23255813953488372	2	1	1	0.9896	1	0.9896	0.9896	True	0.47	2.07
3	102153961	G	A	ZPLD1	Translation_Start_Site	68	18	86	0.20930232558139536	2	1	1	0.8906	1	0.8906	0.8906	True	0.47	2.07
3	108072559	G	A	HHLA2	Missense_Mutation	43	13	56	0.23214285714285715	2	1	1	0.9878	1	0.9878	0.9878	True	0.47	2.07
3	108627001	C	T	GUCA1C	Silent	66	15	81	0.18518518518518517	2	1	1	0.788	1	0.788	0.788	False	0.47	2.07
3	109031471	G	A	DPPA2	Silent	141	39	180	0.21666666666666667	2	1	1	0.922	1	0.922	0.922	True	0.47	2.07
3	113320486	G	T	SIDT1	Missense_Mutation	46	15	61	0.2459016393442623	2	1	1	1.0464	1	1.0464	1.0	True	0.47	2.07
3	113955735	G	A	ZNF80	Missense_Mutation	62	15	77	0.19480519480519481	2	1	1	0.829	1	0.829	0.829	False	0.47	2.07
3	119445028	C	T	MAATS1	Silent	22	5	27	0.18518518518518517	2	1	1	0.788	1	0.788	0.788	False	0.47	2.07
3	120977920	A	G	STXBP5L	Silent	46	10	56	0.17857142857142858	2	1	1	0.7599	1	0.7599	0.7599	False	0.47	2.07
3	121137202	G	A	STXBP5L	Missense_Mutation	39	6	45	0.13333333333333333	2	1	1	0.5674	1	0.5674	0.5674	False	0.47	2.07
3	121215771	G	A	POLQ	Missense_Mutation	58	11	69	0.15942028985507245	2	1	1	0.6784	1	0.6784	0.6784	False	0.47	2.07
3	121351010	C	A	HCLS1	Missense_Mutation	70	22	92	0.2391304347826087	2	1	1	1.0176	1	1.0176	1.0	True	0.47	2.07
3	121980708	C	T	CASR	Missense_Mutation	114	46	160	0.2875	2	1	1	1.2234	1	1.2234	1.0	True	0.47	2.07
3	126916098	G	A	C3orf56	Nonsense_Mutation	29	13	42	0.30952380952380953	2	1	1	1.3171	1	1.3171	1.0	True	0.47	2.07
3	131261452	C	T	CPNE4	Silent	82	26	108	0.24074074074074073	2	1	1	1.0244	1	1.0244	1.0	True	0.47	2.07
3	132241685	T	C	DNAJC13	Missense_Mutation	35	8	43	0.18604651162790697	2	1	1	0.7917	1	0.7917	0.7917	False	0.47	2.07
3	135745729	C	T	PPP2R3A	Missense_Mutation	87	26	113	0.23008849557522124	2	1	1	0.9791	1	0.9791	0.9791	True	0.47	2.07
3	136714338	G	A	IL20RB	Nonsense_Mutation	258	70	328	0.21341463414634146	2	1	1	0.9081	1	0.9081	0.9081	True	0.47	2.07
3	138738986	C	T	PRR23B	Missense_Mutation	39	20	59	0.3389830508474576	2	1	1	1.4425	1	1.4425	1.0	True	0.47	2.07
3	139236424	C	T	RBP1	3'UTR	80	22	102	0.21568627450980393	2	1	1	0.9178	1	0.9178	0.9178	True	0.47	2.07
3	148600313	C	T	CPA3	Missense_Mutation	53	14	67	0.208955223880597	2	1	1	0.8892	1	0.8892	0.8892	True	0.47	2.07
3	149374934	T	C	WWTR1	Missense_Mutation	9	4	13	0.3076923076923077	2	1	1	1.3093	1	1.3093	1.0	True	0.47	2.07
3	151055902	T	A	P2RY12	Silent	57	31	88	0.3522727272727273	2	1	1	1.499	1	1.499	1.0	True	0.47	2.07
3	155200375	T	C	PLCH1	Missense_Mutation	66	26	92	0.2826086956521739	2	1	1	1.2026	1	1.2026	1.0	True	0.47	2.07
3	167170817	T	A	SERPINI2	Nonsense_Mutation	25	5	30	0.16666666666666666	2	1	1	0.7092	1	0.7092	0.7092	False	0.47	2.07
3	169654229	C	T	SAMD7	Nonsense_Mutation	57	15	72	0.20833333333333334	2	1	1	0.8865	1	0.8865	0.8865	True	0.47	2.07
3	178936091	G	A	PIK3CA	Missense_Mutation	55	16	71	0.22535211267605634	2	1	1	0.9589	1	0.9589	0.9589	True	0.47	2.07
3	178984559	G	A	KCNMB3	5'UTR	20	6	26	0.23076923076923078	2	1	1	0.982	1	0.982	0.982	True	0.47	2.07
3	184910033	G	A	EHHADH	Missense_Mutation	79	31	110	0.2818181818181818	2	1	1	1.1992	1	1.1992	1.0	True	0.47	2.07
3	189705417	G	A	LEPREL1	Missense_Mutation	81	20	101	0.19801980198019803	2	1	1	0.8426	1	0.8426	0.8426	False	0.47	2.07
3	194362669	A	C	LSG1	3'UTR	39	14	53	0.2641509433962264	2	1	1	1.124	1	1.124	1.0	True	0.47	2.07
3	197402345	A	C	KIAA0226	Missense_Mutation	215	63	278	0.22661870503597123	2	1	1	0.9643	1	0.9643	0.9643	True	0.47	2.07
4	5969157	C	T	C4orf50	Missense_Mutation	85	30	115	0.2608695652173913	2	1	1	1.1101	1	1.1101	1.0	True	0.47	2.07
4	8009831	C	T	ABLIM2	Missense_Mutation	120	36	156	0.23076923076923078	2	1	1	0.982	1	0.982	0.982	True	0.47	2.07
4	9943610	C	T	SLC2A9	Silent	30	11	41	0.2682926829268293	2	1	1	1.1417	1	1.1417	1.0	True	0.47	2.07
4	44624459	C	T	YIPF7	Missense_Mutation	39	5	44	0.11363636363636363	2	1	1	0.4836	1	0.4836	0.4836	False	0.47	2.07
4	44624460	C	T	YIPF7	Missense_Mutation	40	5	45	0.1111111111111111	2	1	1	0.4728	1	0.4728	0.4728	False	0.47	2.07
4	46973157	G	A	GABRA4	Missense_Mutation	44	13	57	0.22807017543859648	2	1	1	0.9705	1	0.9705	0.9705	True	0.47	2.07
4	55953799	G	A	KDR	Missense_Mutation	53	14	67	0.208955223880597	2	1	1	0.8892	1	0.8892	0.8892	True	0.47	2.07
4	55972865	C	T	KDR	Missense_Mutation	32	10	42	0.23809523809523808	2	1	1	1.0132	1	1.0132	1.0	True	0.47	2.07
4	56890672	G	A	CEP135	Missense_Mutation	208	61	269	0.22676579925650558	2	1	1	0.965	1	0.965	0.965	True	0.47	2.07
4	62598778	G	A	LPHN3	Missense_Mutation	33	7	40	0.175	2	1	1	0.7447	1	0.7447	0.7447	False	0.47	2.07
4	70079978	G	A	UGT2B11	Missense_Mutation	116	25	141	0.1773049645390071	2	1	1	0.7545	1	0.7545	0.7545	False	0.47	2.07
4	70361387	C	T	UGT2B4	Missense_Mutation	108	40	148	0.2702702702702703	2	1	1	1.1501	1	1.1501	1.0	True	0.47	2.07
4	70864163	C	T	STATH	Silent	66	23	89	0.25842696629213485	2	1	1	1.0997	1	1.0997	1.0	True	0.47	2.07
4	71275418	C	T	PROL1	Missense_Mutation	115	36	151	0.23841059602649006	2	1	1	1.0145	1	1.0145	1.0	True	0.47	2.07
4	79366792	C	T	FRAS1	Missense_Mutation	203	41	244	0.1680327868852459	2	1	1	0.715	1	0.715	0.715	False	0.47	2.07
4	89199751	G	A	PPM1K	5'UTR	20	9	29	0.3103448275862069	2	1	1	1.3206	1	1.3206	1.0	True	0.47	2.07
4	100208729	G	A	ADH1A	Missense_Mutation	54	10	64	0.15625	2	1	1	0.6649	1	0.6649	0.6649	False	0.47	2.07
4	104041316	G	A	CENPE	Nonsense_Mutation	11	7	18	0.3888888888888889	2	1	1	1.6548	1	1.6548	1.0	True	0.47	2.07
4	110442725	C	T	SEC24B	Silent	42	15	57	0.2631578947368421	2	1	1	1.1198	1	1.1198	1.0	True	0.47	2.07
4	114117542	C	T	ANK2	Missense_Mutation	31	8	39	0.20512820512820512	2	1	1	0.8729	1	0.8729	0.8729	True	0.47	2.07
4	114286226	C	T	ANK2	Silent	143	33	176	0.1875	2	1	1	0.7979	1	0.7979	0.7979	False	0.47	2.07
4	114378480	G	A	CAMK2D	Intron	41	17	58	0.29310344827586204	2	1	1	1.2472	1	1.2472	1.0	True	0.47	2.07
4	119736678	G	A	SEC24D	Missense_Mutation	61	19	80	0.2375	2	1	1	1.0106	1	1.0106	1.0	True	0.47	2.07
4	122085294	C	T	TNIP3	Missense_Mutation	67	17	84	0.20238095238095238	2	1	1	0.8612	1	0.8612	0.8612	True	0.47	2.07
4	141544026	C	T	TBC1D9	Missense_Mutation	8	4	12	0.3333333333333333	2	1	1	1.4184	1	1.4184	1.0	True	0.47	2.07
4	153332598	G	A	FBXW7	Nonsense_Mutation	57	13	70	0.18571428571428572	2	1	1	0.7903	1	0.7903	0.7903	False	0.47	2.07
4	154336037	A	G	MND1	3'UTR	25	9	34	0.2647058823529412	2	1	1	1.1264	1	1.1264	1.0	True	0.47	2.07
4	154702753	G	A	SFRP2	Silent	75	19	94	0.20212765957446807	2	1	1	0.8601	1	0.8601	0.8601	True	0.47	2.07
4	155533806	G	T	FGG	5'Flank	27	6	33	0.18181818181818182	2	1	1	0.7737	1	0.7737	0.7737	False	0.47	2.07
4	158065068	C	T	GLRB	Silent	56	28	84	0.3333333333333333	2	1	1	1.4184	1	1.4184	1.0	True	0.47	2.07
4	164246368	C	T	NPY1R	3'UTR	27	4	31	0.12903225806451613	2	1	1	0.5491	1	0.5491	0.5491	False	0.47	2.07
4	165890881	C	T	TRIM61	Missense_Mutation	57	10	67	0.14925373134328357	2	1	1	0.6351	1	0.6351	0.6351	False	0.47	2.07
4	178897055	G	A	LINC01098	Silent	117	33	150	0.22	2	1	1	0.9362	1	0.9362	0.9362	True	0.47	2.07
4	184562617	C	T	RWDD4	Missense_Mutation	114	27	141	0.19148936170212766	2	1	1	0.8148	1	0.8148	0.8148	False	0.47	2.07
4	184931511	G	A	STOX2	Missense_Mutation	15	4	19	0.21052631578947367	2	1	1	0.8959	1	0.8959	0.8959	True	0.47	2.07
4	187172926	C	T	KLKB1	Missense_Mutation	123	34	157	0.21656050955414013	2	1	1	0.9215	1	0.9215	0.9215	True	0.47	2.07
4	187510253	G	A	FAT1	Silent	260	61	321	0.19003115264797507	2	1	1	0.8086	1	0.8086	0.8086	False	0.47	2.07
5	13737583	G	A	DNAH5	Missense_Mutation	44	14	58	0.2413793103448276	2	1	1	1.0271	1	1.0271	1.0	True	0.47	2.07
5	13829767	A	G	DNAH5	Missense_Mutation	91	12	103	0.11650485436893204	2	1	1	0.4958	1	0.4958	0.4958	False	0.47	2.07
5	31323187	C	T	CDH6	Silent	51	14	65	0.2153846153846154	2	1	1	0.9165	1	0.9165	0.9165	True	0.47	2.07
5	31323520	C	T	CDH6	3'UTR	14	4	18	0.2222222222222222	2	1	1	0.9456	1	0.9456	0.9456	True	0.47	2.07
5	35727852	C	T	SPEF2	Missense_Mutation	99	26	125	0.208	2	1	1	0.8851	1	0.8851	0.8851	True	0.47	2.07
5	43613102	T	C	NNT	Silent	168	53	221	0.2398190045248869	2	1	1	1.0205	1	1.0205	1.0	True	0.47	2.07
5	54577307	G	A	DHX29	Nonsense_Mutation	100	22	122	0.18032786885245902	2	1	1	0.7674	1	0.7674	0.7674	False	0.47	2.07
5	79837533	C	T	FAM151B	Missense_Mutation	29	5	34	0.14705882352941177	2	1	1	0.6258	1	0.6258	0.6258	False	0.47	2.07
5	81608652	C	T	ATP6AP1L	Silent	62	21	83	0.25301204819277107	2	1	1	1.0766	1	1.0766	1.0	True	0.47	2.07
5	96139153	G	A	ERAP1	Silent	95	22	117	0.18803418803418803	2	1	1	0.8001	1	0.8001	0.8001	False	0.47	2.07
5	96342189	C	T	LNPEP	Nonsense_Mutation	31	18	49	0.3673469387755102	2	1	1	1.5632	1	1.5632	1.0	True	0.47	2.07
5	101606459	G	A	SLCO4C1	Missense_Mutation	35	20	55	0.36363636363636365	2	1	1	1.5474	1	1.5474	1.0	True	0.47	2.07
5	110835665	C	T	STARD4	Silent	124	31	155	0.2	2	1	1	0.8511	1	0.8511	0.8511	True	0.47	2.07
5	115341655	C	T	AQPEP	Missense_Mutation	47	11	58	0.1896551724137931	2	1	1	0.807	1	0.807	0.807	False	0.47	2.07
5	120022042	C	T	PRR16	Nonsense_Mutation	62	16	78	0.20512820512820512	2	1	1	0.8729	1	0.8729	0.8729	True	0.47	2.07
5	131607149	C	T	PDLIM4	Silent	28	11	39	0.28205128205128205	2	1	1	1.2002	1	1.2002	1.0	True	0.47	2.07
5	135286927	G	A	LECT2	Nonsense_Mutation	42	17	59	0.288135593220339	2	1	1	1.2261	1	1.2261	1.0	True	0.47	2.07
5	135692713	G	A	TRPC7	Silent	46	15	61	0.2459016393442623	2	1	1	1.0464	1	1.0464	1.0	True	0.47	2.07
5	139889228	C	G	ANKHD1	Missense_Mutation	65	14	79	0.17721518987341772	2	1	1	0.7541	1	0.7541	0.7541	False	0.47	2.07
5	139941380	G	A	APBB3	Intron	47	9	56	0.16071428571428573	2	1	1	0.6839	1	0.6839	0.6839	False	0.47	2.07
5	140432091	G	A	PCDHB1	Missense_Mutation	85	37	122	0.30327868852459017	2	1	1	1.2905	1	1.2905	1.0	True	0.47	2.07
5	140563687	C	T	PCDHB16	Missense_Mutation	63	40	103	0.3883495145631068	2	1	1	1.6526	1	1.6526	1.0	True	0.47	2.07
5	140594040	C	T	PCDHB13	Silent	80	22	102	0.21568627450980393	2	1	1	0.9178	1	0.9178	0.9178	True	0.47	2.07
5	140627082	G	A	PCDHB15	Missense_Mutation	84	18	102	0.17647058823529413	2	1	1	0.7509	1	0.7509	0.7509	False	0.47	2.07
5	140723673	G	A	PCDHGA3	Missense_Mutation	184	57	241	0.23651452282157676	2	1	1	1.0064	1	1.0064	1.0	True	0.47	2.07
5	140734937	G	A	PCDHGA4	Missense_Mutation	92	29	121	0.2396694214876033	2	1	1	1.0199	1	1.0199	1.0	True	0.47	2.07
5	140751397	C	T	PCDHGB3	Missense_Mutation	114	24	138	0.17391304347826086	2	1	1	0.7401	1	0.7401	0.7401	False	0.47	2.07
5	140774693	C	T	PCDHGA8	Silent	93	18	111	0.16216216216216217	2	1	1	0.6901	1	0.6901	0.6901	False	0.47	2.07
5	140788545	C	T	PCDHGB6	Missense_Mutation	40	12	52	0.23076923076923078	2	1	1	0.982	1	0.982	0.982	True	0.47	2.07
5	147488344	G	A	SPINK5	Missense_Mutation	94	23	117	0.19658119658119658	2	1	1	0.8365	1	0.8365	0.8365	False	0.47	2.07
5	149576695	C	T	SLC6A7	Missense_Mutation	60	14	74	0.1891891891891892	2	1	1	0.8051	1	0.8051	0.8051	False	0.47	2.07
5	150321863	G	A	ZNF300P1	RNA	20	4	24	0.16666666666666666	2	1	1	0.7092	1	0.7092	0.7092	False	0.47	2.07
5	150923154	G	A	FAT2	Missense_Mutation	150	41	191	0.21465968586387435	2	1	1	0.9134	1	0.9134	0.9134	True	0.47	2.07
5	151271999	G	A	GLRA1	Silent	44	10	54	0.18518518518518517	2	1	1	0.788	1	0.788	0.788	False	0.47	2.07
5	156390218	T	C	TIMD4	5'UTR	96	23	119	0.19327731092436976	2	1	1	0.8225	1	0.8225	0.8225	False	0.47	2.07
5	161569295	G	A	GABRG2	Missense_Mutation	100	40	140	0.2857142857142857	2	1	1	1.2158	1	1.2158	1.0	True	0.47	2.07
5	168123363	C	T	SLIT3	Missense_Mutation	95	18	113	0.1592920353982301	2	1	1	0.6778	1	0.6778	0.6778	False	0.47	2.07
5	177168292	C	T	FAM153A	Missense_Mutation	60	16	76	0.21052631578947367	2	1	1	0.8959	1	0.8959	0.8959	True	0.47	2.07
5	178417617	G	A	GRM6	Silent	21	5	26	0.19230769230769232	2	1	1	0.8183	1	0.8183	0.8183	False	0.47	2.07
5	180219443	G	A	MGAT1	Missense_Mutation	77	32	109	0.29357798165137616	2	1	1	1.2493	1	1.2493	1.0	True	0.47	2.07
5	180420145	G	A	BTNL3	Missense_Mutation	9	3	12	0.25	2	1	1	1.0638	1	1.0638	1.0	True	0.47	2.07
6	13592122	C	T	SIRT5	Silent	24	6	30	0.2	2	1	1	0.8511	1	0.8511	0.8511	True	0.47	2.07
6	24569086	G	A	KIAA0319	Missense_Mutation	71	23	94	0.24468085106382978	2	1	1	1.0412	1	1.0412	1.0	True	0.47	2.07
6	24848308	G	A	FAM65B	Missense_Mutation	28	7	35	0.2	2	1	1	0.8511	1	0.8511	0.8511	True	0.47	2.07
6	28541494	C	T	SCAND3	Silent	30	13	43	0.3023255813953488	2	1	1	1.2865	1	1.2865	1.0	True	0.47	2.07
6	29574966	A	T	GABBR1	Missense_Mutation	76	19	95	0.2	2	1	1	0.8511	1	0.8511	0.8511	True	0.47	2.07
6	31726370	C	T	MSH5	Missense_Mutation	54	9	63	0.14285714285714285	2	1	1	0.6079	1	0.6079	0.6079	False	0.47	2.07
6	31730276	G	A	MSH5	Missense_Mutation	56	15	71	0.2112676056338028	2	1	1	0.899	1	0.899	0.899	True	0.47	2.07
6	32137789	G	A	AGPAT1	Silent	56	11	67	0.16417910447761194	2	1	1	0.6986	1	0.6986	0.6986	False	0.47	2.07
6	32805546	G	A	TAP2	Silent	65	16	81	0.19753086419753085	2	1	1	0.8406	1	0.8406	0.8406	False	0.47	2.07
6	33284653	G	A	ZBTB22	Missense_Mutation	20	4	24	0.16666666666666666	2	1	1	0.7092	1	0.7092	0.7092	False	0.47	2.07
6	33541542	G	A	BAK1	3'UTR	34	4	38	0.10526315789473684	2	1	1	0.4479	1	0.4479	0.4479	False	0.47	2.07
6	33690964	C	T	IP6K3	Missense_Mutation	32	8	40	0.2	2	1	1	0.8511	1	0.8511	0.8511	True	0.47	2.07
6	34100929	G	A	GRM4	Silent	23	8	31	0.25806451612903225	2	1	1	1.0981	1	1.0981	1.0	True	0.47	2.07
6	34825568	C	T	UHRF1BP1	Silent	104	42	146	0.2876712328767123	2	1	1	1.2241	1	1.2241	1.0	True	0.47	2.07
6	35765004	G	A	CLPS	Missense_Mutation	126	17	143	0.11888111888111888	2	1	1	0.5059	1	0.5059	0.5059	False	0.47	2.07
6	36334677	C	T	ETV7	Missense_Mutation	306	81	387	0.20930232558139536	2	1	1	0.8906	1	0.8906	0.8906	True	0.47	2.07
6	38810498	G	A	DNAH8	Missense_Mutation	73	30	103	0.2912621359223301	2	1	1	1.2394	1	1.2394	1.0	True	0.47	2.07
6	39159151	G	A	KCNK5	Missense_Mutation	64	11	75	0.14666666666666667	2	1	1	0.6241	1	0.6241	0.6241	False	0.47	2.07
6	43042445	C	T	KLC4	3'UTR	29	10	39	0.2564102564102564	2	1	1	1.0911	1	1.0911	1.0	True	0.47	2.07
6	46133237	T	G	ENPP5	Missense_Mutation	142	39	181	0.2154696132596685	2	1	1	0.9169	1	0.9169	0.9169	True	0.47	2.07
6	52905945	G	A	ICK	Silent	113	41	154	0.2662337662337662	2	1	1	1.1329	1	1.1329	1.0	True	0.47	2.07
6	54806758	C	T	FAM83B	Nonsense_Mutation	47	20	67	0.29850746268656714	2	1	1	1.2702	1	1.2702	1.0	True	0.47	2.07
6	55933887	C	T	COL21A1	Missense_Mutation	17	4	21	0.19047619047619047	2	1	1	0.8105	1	0.8105	0.8105	False	0.47	2.07
6	56917839	C	T	KIAA1586	Missense_Mutation	103	30	133	0.22556390977443608	2	1	1	0.9598	1	0.9598	0.9598	True	0.47	2.07
6	73904250	G	A	KCNQ5	Missense_Mutation	61	15	76	0.19736842105263158	2	1	1	0.8399	1	0.8399	0.8399	False	0.47	2.07
6	84234034	G	A	PRSS35	Missense_Mutation	74	28	102	0.27450980392156865	2	1	1	1.1681	1	1.1681	1.0	True	0.47	2.07
6	87725005	G	A	HTR1E	5'UTR	26	9	35	0.2571428571428571	2	1	1	1.0942	1	1.0942	1.0	True	0.47	2.07
6	90648060	G	A	BACH2	Missense_Mutation	54	5	59	0.0847457627118644	2	1	1	0.3606	1	0.3606	0.3606	False	0.47	2.07
6	93953130	G	A	EPHA7	3'UTR	56	12	68	0.17647058823529413	2	1	1	0.7509	1	0.7509	0.7509	False	0.47	2.07
6	96652157	C	T	FUT9	3'UTR	34	7	41	0.17073170731707318	2	1	1	0.7265	1	0.7265	0.7265	False	0.47	2.07
6	97247696	G	A	GPR63	5'UTR	24	9	33	0.2727272727272727	2	1	1	1.1605	1	1.1605	1.0	True	0.47	2.07
6	117245850	G	A	RFX6	Missense_Mutation	90	20	110	0.18181818181818182	2	1	1	0.7737	1	0.7737	0.7737	False	0.47	2.07
6	119245020	G	A	MCM9	Missense_Mutation	58	20	78	0.2564102564102564	2	1	1	1.0911	1	1.0911	1.0	True	0.47	2.07
6	128294930	C	T	PTPRK	Missense_Mutation	91	21	112	0.1875	2	1	1	0.7979	1	0.7979	0.7979	False	0.47	2.07
6	136597327	C	T	BCLAF1	Missense_Mutation	212	11	223	0.04932735426008968	2	1	1	0.2099	1	0.2099	0.2099	False	0.47	2.07
6	143093351	G	A	HIVEP2	Missense_Mutation	35	16	51	0.3137254901960784	2	1	1	1.335	1	1.335	1.0	True	0.47	2.07
6	150005421	C	T	LATS1	Nonsense_Mutation	149	56	205	0.2731707317073171	2	1	1	1.1624	1	1.1624	1.0	True	0.47	2.07
6	151766735	T	C	RMND1	Missense_Mutation	174	72	246	0.2926829268292683	2	1	1	1.2455	1	1.2455	1.0	True	0.47	2.07
6	160240298	C	T	PNLDC1	Silent	47	13	60	0.21666666666666667	2	1	1	0.922	1	0.922	0.922	True	0.47	2.07
6	161508765	A	T	MAP3K4	Missense_Mutation	83	23	106	0.2169811320754717	2	1	1	0.9233	1	0.9233	0.9233	True	0.47	2.07
6	161508766	C	T	MAP3K4	Missense_Mutation	84	23	107	0.21495327102803738	2	1	1	0.9147	1	0.9147	0.9147	True	0.47	2.07
6	165832235	G	A	PDE10A	Missense_Mutation	39	16	55	0.2909090909090909	2	1	1	1.2379	1	1.2379	1.0	True	0.47	2.07
6	170156844	C	A	ERMARD	Silent	85	29	114	0.2543859649122807	2	1	1	1.0825	1	1.0825	1.0	True	0.47	2.07
7	5430119	C	T	TNRC18	Missense_Mutation	23	6	29	0.20689655172413793	2	1	1	0.8804	1	0.8804	0.8804	True	0.47	2.07
7	11500355	G	A	THSD7A	Missense_Mutation	17	4	21	0.19047619047619047	2	1	1	0.8105	1	0.8105	0.8105	False	0.47	2.07
7	29918687	C	T	WIPF3	Missense_Mutation	18	10	28	0.35714285714285715	2	1	1	1.5198	1	1.5198	1.0	True	0.47	2.07
7	30795321	C	T	INMT	Silent	66	23	89	0.25842696629213485	2	1	1	1.0997	1	1.0997	1.0	True	0.47	2.07
7	30831093	C	A	FAM188B	Missense_Mutation	30	12	42	0.2857142857142857	2	1	1	1.2158	1	1.2158	1.0	True	0.47	2.07
7	30831094	C	T	FAM188B	Missense_Mutation	31	12	43	0.27906976744186046	2	1	1	1.1875	1	1.1875	1.0	True	0.47	2.07
7	33388771	T	C	BBS9	Missense_Mutation	66	22	88	0.25	2	1	1	1.0638	1	1.0638	1.0	True	0.47	2.07
7	44073693	G	A	RASA4CP	RNA	6	3	9	0.3333333333333333	2	1	1	1.4184	1	1.4184	1.0	True	0.47	2.07
7	44685012	C	T	OGDH	Silent	109	30	139	0.2158273381294964	2	1	1	0.9184	1	0.9184	0.9184	True	0.47	2.07
7	45697426	G	A	ADCY1	Missense_Mutation	23	9	32	0.28125	2	1	1	1.1968	1	1.1968	1.0	True	0.47	2.07
7	47853608	C	A	PKD1L1	Missense_Mutation	34	12	46	0.2608695652173913	2	1	1	1.1101	1	1.1101	1.0	True	0.47	2.07
7	47970731	G	A	PKD1L1	Missense_Mutation	46	9	55	0.16363636363636364	2	1	1	0.6963	1	0.6963	0.6963	False	0.47	2.07
7	48316106	G	A	ABCA13	Silent	22	10	32	0.3125	2	1	1	1.3298	1	1.3298	1.0	True	0.47	2.07
7	50444451	C	T	IKZF1	Silent	42	7	49	0.14285714285714285	2	1	1	0.6079	1	0.6079	0.6079	False	0.47	2.07
7	66458322	A	T	SBDS	Missense_Mutation	149	46	195	0.2358974358974359	2	1	1	1.0038	1	1.0038	1.0	True	0.47	2.07
7	74211523	G	A	GTF2IRD2	Silent	49	12	61	0.19672131147540983	2	1	1	0.8371	1	0.8371	0.8371	False	0.47	2.07
7	82545844	C	T	PCLO	Missense_Mutation	73	34	107	0.3177570093457944	2	1	1	1.3522	1	1.3522	1.0	True	0.47	2.07
7	93633539	G	A	BET1	5'UTR	65	12	77	0.15584415584415584	2	1	1	0.6632	1	0.6632	0.6632	False	0.47	2.07
7	94049738	T	A	COL1A2	Missense_Mutation	70	20	90	0.2222222222222222	2	1	1	0.9456	1	0.9456	0.9456	True	0.47	2.07
7	99274027	C	T	CYP3A5	Intron	24	4	28	0.14285714285714285	2	1	1	0.6079	1	0.6079	0.6079	False	0.47	2.07
7	99365994	G	A	CYP3A4	Missense_Mutation	66	17	83	0.20481927710843373	2	1	1	0.8716	1	0.8716	0.8716	True	0.47	2.07
7	100349913	G	A	ZAN	Missense_Mutation	80	18	98	0.1836734693877551	2	1	1	0.7816	1	0.7816	0.7816	False	0.47	2.07
7	100683600	C	T	MUC17	Missense_Mutation	419	129	548	0.2354014598540146	2	1	1	1.0017	1	1.0017	1.0	True	0.47	2.07
7	102087295	C	T	ORAI2	Silent	69	13	82	0.15853658536585366	2	1	1	0.6746	1	0.6746	0.6746	False	0.47	2.07
7	102967028	G	A	DNAJC2	Silent	67	11	78	0.14102564102564102	2	1	1	0.6001	1	0.6001	0.6001	False	0.47	2.07
7	103029537	A	C	SLC26A5	Missense_Mutation	40	6	46	0.13043478260869565	2	1	1	0.555	1	0.555	0.555	False	0.47	2.07
7	103848396	G	A	ORC5	5'UTR	34	5	39	0.1282051282051282	2	1	1	0.5456	1	0.5456	0.5456	False	0.47	2.07
7	107720127	G	A	LAMB4	Silent	53	14	67	0.208955223880597	2	1	1	0.8892	1	0.8892	0.8892	True	0.47	2.07
7	122338986	G	T	RNF133	5'UTR	42	11	53	0.20754716981132076	2	1	1	0.8832	1	0.8832	0.8832	True	0.47	2.07
7	123594119	G	A	SPAM1	Silent	85	19	104	0.18269230769230768	2	1	1	0.7774	1	0.7774	0.7774	False	0.47	2.07
7	127254563	G	A	PAX4	Silent	9	3	12	0.25	2	1	1	1.0638	1	1.0638	1.0	True	0.47	2.07
7	137269993	C	T	DGKI	Missense_Mutation	133	33	166	0.19879518072289157	2	1	1	0.8459	1	0.8459	0.8459	False	0.47	2.07
7	141758083	G	A	MGAM	Silent	213	61	274	0.22262773722627738	2	1	1	0.9474	1	0.9474	0.9474	True	0.47	2.07
7	141796173	C	T	MGAM	Silent	62	12	74	0.16216216216216217	2	1	1	0.6901	1	0.6901	0.6901	False	0.47	2.07
7	143028643	G	A	CLCN1	Splice_Site	64	15	79	0.189873417721519	2	1	1	0.808	1	0.808	0.808	False	0.47	2.07
7	143042803	C	G	CLCN1	Missense_Mutation	4	4	8	0.5	2	1	1	2.1277	1	2.1277	1.0	True	0.47	2.07
7	143095983	G	A	EPHA1	Silent	26	4	30	0.13333333333333333	2	1	1	0.5674	1	0.5674	0.5674	False	0.47	2.07
7	150164323	C	T	GIMAP8	Silent	112	48	160	0.3	2	1	1	1.2766	1	1.2766	1.0	True	0.47	2.07
7	151072975	C	T	NUB1	Silent	174	43	217	0.19815668202764977	2	1	1	0.8432	1	0.8432	0.8432	False	0.47	2.07
7	152007158	T	A	KMT2C	Missense_Mutation	35	7	42	0.16666666666666666	2	1	1	0.7092	1	0.7092	0.7092	False	0.47	2.07
8	2813131	C	T	CSMD1	Missense_Mutation	58	17	75	0.22666666666666666	3	2	1	1.1912	1	1.1912	1.0	True	0.47	2.07
8	10396060	G	A	PRSS55	Nonsense_Mutation	84	20	104	0.19230769230769232	3	2	1	1.0106	1	1.0106	1.0	True	0.47	2.07
8	10755495	G	A	XKR6	Silent	73	50	123	0.4065040650406504	3	2	1	2.1363	2	1.0682	1.0	True	0.47	2.07
8	16001121	C	T	MSR1	Splice_Site	47	33	80	0.4125	3	2	1	2.1678	2	1.0839	1.0	True	0.47	2.07
8	17218782	C	T	MTMR7	Silent	76	41	117	0.3504273504273504	3	2	1	1.8416	2	0.9208	0.9208	True	0.47	2.07
8	17417986	C	T	SLC7A2	Missense_Mutation	124	51	175	0.2914285714285714	3	2	1	1.5316	2	0.7658	0.7658	False	0.47	2.07
8	20110389	G	A	LZTS1	Silent	31	24	55	0.43636363636363634	3	2	1	2.2932	2	1.1466	1.0	True	0.47	2.07
8	24365022	C	T	ADAM7	Silent	112	17	129	0.13178294573643412	3	2	1	0.6926	1	0.6926	0.6926	False	0.47	2.07
8	25708118	C	T	EBF2	Missense_Mutation	169	27	196	0.1377551020408163	3	2	1	0.7239	1	0.7239	0.7239	False	0.47	2.07
8	26722384	C	T	ADRA1A	Missense_Mutation	300	68	368	0.18478260869565216	3	2	1	0.9711	1	0.9711	0.9711	True	0.47	2.07
8	30407079	C	T	RBPMS	3'Flank	63	23	86	0.26744186046511625	3	2	1	1.4055	1	1.4055	1.0	True	0.47	2.07
8	37688326	C	T	GPR124	Silent	8	5	13	0.38461538461538464	3	2	1	2.0213	2	1.0106	1.0	True	0.47	2.07
8	39535042	C	T	ADAM18	Missense_Mutation	26	23	49	0.46938775510204084	3	2	1	2.4668	2	1.2334	1.0	True	0.47	2.07
8	39581320	C	T	ADAM18	Silent	79	22	101	0.21782178217821782	3	2	1	1.1447	1	1.1447	1.0	True	0.47	2.07
8	40554830	G	A	ZMAT4	Nonsense_Mutation	129	32	161	0.19875776397515527	3	2	1	1.0445	1	1.0445	1.0	True	0.47	2.07
8	41566359	C	T	ANK1	Silent	163	30	193	0.15544041450777202	3	2	1	0.8169	1	0.8169	0.8169	False	0.47	2.07
8	55538745	C	T	RP1	Missense_Mutation	43	27	70	0.38571428571428573	3	2	1	2.0271	2	1.0135	1.0	True	0.47	2.07
8	55540577	G	A	RP1	Missense_Mutation	89	13	102	0.12745098039215685	3	2	1	0.6698	1	0.6698	0.6698	False	0.47	2.07
8	55542986	G	A	RP1	3'UTR	12	11	23	0.4782608695652174	3	2	1	2.5134	2	1.2567	1.0	True	0.47	2.07
8	59720330	C	T	TOX	Silent	66	12	78	0.15384615384615385	3	2	1	0.8085	1	0.8085	0.8085	False	0.47	2.07
8	59727942	G	A	TOX	Silent	62	13	75	0.17333333333333334	3	2	1	0.9109	1	0.9109	0.9109	True	0.47	2.07
8	87680300	A	C	CNGB3	Nonsense_Mutation	125	82	207	0.3961352657004831	3	2	1	2.0818	2	1.0409	1.0	True	0.47	2.07
8	110420353	G	A	PKHD1L1	Missense_Mutation	59	18	77	0.23376623376623376	3	2	1	1.2285	1	1.2285	1.0	True	0.47	2.07
8	110457569	G	A	PKHD1L1	Missense_Mutation	97	17	114	0.14912280701754385	3	2	1	0.7837	1	0.7837	0.7837	False	0.47	2.07
8	113259285	C	T	CSMD3	Missense_Mutation	53	10	63	0.15873015873015872	3	2	1	0.8342	1	0.8342	0.8342	False	0.47	2.07
8	113697683	G	A	CSMD3	Nonsense_Mutation	109	18	127	0.14173228346456693	3	2	1	0.7448	1	0.7448	0.7448	False	0.47	2.07
8	122626951	G	A	HAS2	Missense_Mutation	139	76	215	0.35348837209302325	3	2	1	1.8577	2	0.9288	0.9288	True	0.47	2.07
8	133935613	G	A	TG	Missense_Mutation	53	10	63	0.15873015873015872	3	2	1	0.8342	1	0.8342	0.8342	False	0.47	2.07
8	134232920	G	A	WISP1	Missense_Mutation	99	14	113	0.12389380530973451	3	2	1	0.6511	1	0.6511	0.6511	False	0.47	2.07
8	142178153	C	T	DENND3	Missense_Mutation	173	40	213	0.18779342723004694	3	2	1	0.9869	1	0.9869	0.9869	True	0.47	2.07
8	144994260	C	A	PLEC	Silent	61	39	100	0.39	3	2	1	2.0496	2	1.0248	1.0	True	0.47	2.07
8	145138666	C	T	GPAA1	Missense_Mutation	45	14	59	0.23728813559322035	3	2	1	1.247	1	1.247	1.0	True	0.47	2.07
8	145138667	C	T	GPAA1	Silent	45	14	59	0.23728813559322035	3	2	1	1.247	1	1.247	1.0	True	0.47	2.07
8	145619714	C	T	CPSF1	Silent	16	12	28	0.42857142857142855	3	2	1	2.2523	2	1.1261	1.0	True	0.47	2.07
9	21481523	C	T	IFNE	Silent	80	24	104	0.23076923076923078	2	2	0	0.982	1	0.982	0.982	True	0.47	2.07
9	71549834	G	A	PIP5K1B	Silent	56	16	72	0.2222222222222222	2	1	1	0.9456	1	0.9456	0.9456	True	0.47	2.07
9	84609948	G	A	SPATA31D1	Silent	25	5	30	0.16666666666666666	2	1	1	0.7092	1	0.7092	0.7092	False	0.47	2.07
9	86518517	G	A	KIF27	Silent	80	23	103	0.22330097087378642	2	1	1	0.9502	1	0.9502	0.9502	True	0.47	2.07
9	90502088	G	A	SPATA31E1	Missense_Mutation	35	20	55	0.36363636363636365	2	1	1	1.5474	1	1.5474	1.0	True	0.47	2.07
9	90502089	G	A	SPATA31E1	Missense_Mutation	35	19	54	0.35185185185185186	2	1	1	1.4972	1	1.4972	1.0	True	0.47	2.07
9	104238141	C	T	TMEM246	3'UTR	86	23	109	0.21100917431192662	2	1	1	0.8979	1	0.8979	0.8979	True	0.47	2.07
9	104297796	A	G	RNF20	Missense_Mutation	51	9	60	0.15	2	1	1	0.6383	1	0.6383	0.6383	False	0.47	2.07
9	112963442	C	T	C9orf152	Missense_Mutation	170	59	229	0.2576419213973799	2	1	1	1.0963	1	1.0963	1.0	True	0.47	2.07
9	113148336	G	A	SVEP1	Missense_Mutation	85	15	100	0.15	2	1	1	0.6383	1	0.6383	0.6383	False	0.47	2.07
9	113148337	G	A	SVEP1	Missense_Mutation	87	15	102	0.14705882352941177	2	1	1	0.6258	1	0.6258	0.6258	False	0.47	2.07
9	117185767	G	A	DFNB31	Missense_Mutation	79	19	98	0.19387755102040816	2	1	1	0.825	1	0.825	0.825	False	0.47	2.07
9	118982375	G	A	PAPPA	Nonsense_Mutation	166	40	206	0.1941747572815534	2	1	1	0.8263	1	0.8263	0.8263	False	0.47	2.07
9	119106834	C	T	PAPPA	Silent	128	34	162	0.20987654320987653	2	1	1	0.8931	1	0.8931	0.8931	True	0.47	2.07
9	119109484	G	A	PAPPA	Silent	53	20	73	0.273972602739726	2	1	1	1.1658	1	1.1658	1.0	True	0.47	2.07
9	119115986	A	T	PAPPA	Nonsense_Mutation	98	32	130	0.24615384615384617	2	1	1	1.0475	1	1.0475	1.0	True	0.47	2.07
9	123334274	G	A	CDK5RAP2	Silent	47	29	76	0.3815789473684211	2	1	1	1.6237	1	1.6237	1.0	True	0.47	2.07
9	123797169	G	A	C5	Missense_Mutation	19	9	28	0.32142857142857145	2	1	1	1.3678	1	1.3678	1.0	True	0.47	2.07
9	125437562	G	A	OR1L3	Missense_Mutation	166	40	206	0.1941747572815534	2	1	1	0.8263	1	0.8263	0.8263	False	0.47	2.07
9	131038500	C	T	SWI5	Missense_Mutation	46	8	54	0.14814814814814814	2	1	1	0.6304	1	0.6304	0.6304	False	0.47	2.07
9	131133600	G	A	URM1	5'UTR	7	4	11	0.36363636363636365	2	1	1	1.5474	1	1.5474	1.0	True	0.47	2.07
9	131284944	C	T	GLE1	Intron	31	14	45	0.3111111111111111	2	1	1	1.3239	1	1.3239	1.0	True	0.47	2.07
9	131455163	C	T	SET	Missense_Mutation	30	4	34	0.11764705882352941	2	1	1	0.5006	1	0.5006	0.5006	False	0.47	2.07
9	131891325	C	T	PPP2R4	Missense_Mutation	50	13	63	0.20634920634920634	2	1	1	0.8781	1	0.8781	0.8781	True	0.47	2.07
9	135944153	C	T	CEL	Silent	42	7	49	0.14285714285714285	2	1	1	0.6079	1	0.6079	0.6079	False	0.47	2.07
9	137004918	C	T	WDR5	Intron	27	11	38	0.2894736842105263	2	1	1	1.2318	1	1.2318	1.0	True	0.47	2.07
9	139371256	G	A	SEC16A	Missense_Mutation	26	6	32	0.1875	2	1	1	0.7979	1	0.7979	0.7979	False	0.47	2.07
9	139620491	G	A	FAM69B	3'Flank	50	9	59	0.15254237288135594	2	1	1	0.6491	1	0.6491	0.6491	False	0.47	2.07
10	15115107	G	A	OLAH	Missense_Mutation	58	13	71	0.18309859154929578	2	1	1	0.7791	1	0.7791	0.7791	False	0.47	2.07
10	15255812	C	T	FAM171A1	Missense_Mutation	107	37	144	0.2569444444444444	2	1	1	1.0934	1	1.0934	1.0	True	0.47	2.07
10	44052942	G	A	ZNF239	Missense_Mutation	96	17	113	0.1504424778761062	2	1	1	0.6402	1	0.6402	0.6402	False	0.47	2.07
10	46998916	A	C	GPRIN2	Silent	143	16	159	0.10062893081761007	2	1	1	0.4282	1	0.4282	0.4282	False	0.47	2.07
10	52610484	C	T	A1CF	Missense_Mutation	148	28	176	0.1590909090909091	2	1	1	0.677	1	0.677	0.677	False	0.47	2.07
10	54050045	C	T	PRKG1	Missense_Mutation	92	29	121	0.2396694214876033	2	1	1	1.0199	1	1.0199	1.0	True	0.47	2.07
10	61011251	C	T	FAM13C	Intron	43	12	55	0.21818181818181817	2	1	1	0.9284	1	0.9284	0.9284	True	0.47	2.07
10	61831691	G	A	ANK3	Missense_Mutation	68	22	90	0.24444444444444444	2	1	1	1.0402	1	1.0402	1.0	True	0.47	2.07
10	61847989	T	C	ANK3	Silent	122	25	147	0.17006802721088435	2	1	1	0.7237	1	0.7237	0.7237	False	0.47	2.07
10	62645964	C	T	RHOBTB1	Missense_Mutation	59	30	89	0.33707865168539325	2	1	1	1.4344	1	1.4344	1.0	True	0.47	2.07
10	68940116	G	A	CTNNA3	Missense_Mutation	55	19	74	0.25675675675675674	2	1	1	1.0926	1	1.0926	1.0	True	0.47	2.07
10	74700940	G	A	PLA2G12B	Silent	95	29	124	0.23387096774193547	2	1	1	0.9952	1	0.9952	0.9952	True	0.47	2.07
10	81680768	G	A	MBL1P	RNA	12	5	17	0.29411764705882354	2	1	1	1.2516	1	1.2516	1.0	True	0.47	2.07
10	88950468	C	T	FAM35A	3'UTR	37	15	52	0.28846153846153844	2	1	1	1.2275	1	1.2275	1.0	True	0.47	2.07
10	90528662	C	T	LIPN	Silent	58	13	71	0.18309859154929578	2	1	1	0.7791	1	0.7791	0.7791	False	0.47	2.07
10	95372700	G	A	PDE6C	Missense_Mutation	38	10	48	0.20833333333333334	2	1	1	0.8865	1	0.8865	0.8865	True	0.47	2.07
10	95792002	G	A	PLCE1	Nonsense_Mutation	52	17	69	0.2463768115942029	2	1	1	1.0484	1	1.0484	1.0	True	0.47	2.07
10	96748601	C	T	CYP2C9	Intron	109	34	143	0.23776223776223776	2	1	1	1.0118	1	1.0118	1.0	True	0.47	2.07
10	96971721	G	A	C10orf129	Missense_Mutation	63	19	82	0.23170731707317074	2	1	1	0.986	1	0.986	0.986	True	0.47	2.07
10	97605259	G	A	ENTPD1	Missense_Mutation	119	28	147	0.19047619047619047	2	1	1	0.8105	1	0.8105	0.8105	False	0.47	2.07
10	98388206	C	T	PIK3AP1	Missense_Mutation	181	52	233	0.22317596566523606	2	1	1	0.9497	1	0.9497	0.9497	True	0.47	2.07
10	101162412	C	T	GOT1	Missense_Mutation	58	24	82	0.2926829268292683	2	1	1	1.2455	1	1.2455	1.0	True	0.47	2.07
10	101166509	G	A	GOT1	Missense_Mutation	36	10	46	0.21739130434782608	2	1	1	0.9251	1	0.9251	0.9251	True	0.47	2.07
10	101557015	C	T	ABCC2	Missense_Mutation	38	9	47	0.19148936170212766	2	1	1	0.8148	1	0.8148	0.8148	False	0.47	2.07
10	101557016	C	T	ABCC2	Silent	37	9	46	0.1956521739130435	2	1	1	0.8326	1	0.8326	0.8326	False	0.47	2.07
10	102059467	C	T	PKD2L1	Missense_Mutation	105	26	131	0.1984732824427481	2	1	1	0.8446	1	0.8446	0.8446	False	0.47	2.07
10	102822604	C	T	KAZALD1	Silent	26	8	34	0.23529411764705882	2	1	1	1.0013	1	1.0013	1.0	True	0.47	2.07
10	103340153	G	A	POLL	Silent	59	13	72	0.18055555555555555	2	1	1	0.7683	1	0.7683	0.7683	False	0.47	2.07
10	103370984	C	T	FBXW4	3'UTR	42	12	54	0.2222222222222222	2	1	1	0.9456	1	0.9456	0.9456	True	0.47	2.07
10	103901026	C	T	PPRC1	Missense_Mutation	77	16	93	0.17204301075268819	2	1	1	0.7321	1	0.7321	0.7321	False	0.47	2.07
10	124380618	G	A	DMBT1	Missense_Mutation	301	105	406	0.25862068965517243	2	1	1	1.1005	1	1.1005	1.0	True	0.47	2.07
10	132891396	C	T	TCERG1L	3'UTR	23	7	30	0.23333333333333334	2	1	1	0.9929	1	0.9929	0.9929	True	0.47	2.07
10	135184102	C	T	ECHS1	Missense_Mutation	19	9	28	0.32142857142857145	2	1	1	1.3678	1	1.3678	1.0	True	0.47	2.07
11	489424	C	T	PTDSS2	Silent	31	8	39	0.20512820512820512	2	1	1	0.8729	1	0.8729	0.8729	True	0.47	2.07
11	619080	C	T	CDHR5	Silent	32	12	44	0.2727272727272727	2	1	1	1.1605	1	1.1605	1.0	True	0.47	2.07
11	1083140	C	T	MUC2	Silent	20	6	26	0.23076923076923078	2	1	1	0.982	1	0.982	0.982	True	0.47	2.07
11	1271501	G	A	MUC5B	Missense_Mutation	138	32	170	0.18823529411764706	2	1	1	0.801	1	0.801	0.801	False	0.47	2.07
11	2356726	A	C	CD81-AS1	Intron	141	25	166	0.15060240963855423	2	1	1	0.6409	1	0.6409	0.6409	False	0.47	2.07
11	5221451	C	T	OR51V1	Silent	94	21	115	0.1826086956521739	2	1	1	0.7771	1	0.7771	0.7771	False	0.47	2.07
11	5537407	C	T	UBQLNL	Missense_Mutation	80	10	90	0.1111111111111111	2	1	1	0.4728	1	0.4728	0.4728	False	0.47	2.07
11	5537408	C	T	UBQLNL	Silent	81	8	89	0.0898876404494382	2	1	1	0.3825	1	0.3825	0.3825	False	0.47	2.07
11	5905798	A	G	OR52E4	Silent	105	27	132	0.20454545454545456	2	1	1	0.8704	1	0.8704	0.8704	True	0.47	2.07
11	6867026	T	C	OR10A5	Missense_Mutation	236	81	317	0.2555205047318612	2	1	1	1.0873	1	1.0873	1.0	True	0.47	2.07
11	10590080	C	T	LYVE1	5'UTR	39	7	46	0.15217391304347827	2	1	1	0.6475	1	0.6475	0.6475	False	0.47	2.07
11	31816322	G	T	PAX6	Missense_Mutation	90	18	108	0.16666666666666666	2	1	1	0.7092	1	0.7092	0.7092	False	0.47	2.07
11	36615273	C	T	RAG2	Missense_Mutation	129	27	156	0.17307692307692307	2	1	1	0.7365	1	0.7365	0.7365	False	0.47	2.07
11	49598250	C	T	RP11-707M1.1	RNA	38	7	45	0.15555555555555556	2	1	1	0.6619	1	0.6619	0.6619	False	0.47	2.07
11	51411750	C	T	OR4A5	Missense_Mutation	83	23	106	0.2169811320754717	2	1	1	0.9233	1	0.9233	0.9233	True	0.47	2.07
11	55433330	G	A	OR4C6	Missense_Mutation	109	22	131	0.16793893129770993	2	1	1	0.7146	1	0.7146	0.7146	False	0.47	2.07
11	55541282	C	T	OR5D13	Silent	181	40	221	0.18099547511312217	2	1	1	0.7702	1	0.7702	0.7702	False	0.47	2.07
11	55587703	C	T	OR5D18	Silent	114	29	143	0.20279720279720279	2	1	1	0.863	1	0.863	0.863	True	0.47	2.07
11	55798326	C	T	OR5AS1	Silent	155	40	195	0.20512820512820512	2	1	1	0.8729	1	0.8729	0.8729	True	0.47	2.07
11	58347022	G	A	ZFP91	Missense_Mutation	6	3	9	0.3333333333333333	2	1	1	1.4184	1	1.4184	1.0	True	0.47	2.07
11	60696363	G	A	TMEM132A	Missense_Mutation	72	16	88	0.18181818181818182	2	1	1	0.7737	1	0.7737	0.7737	False	0.47	2.07
11	61553639	C	T	MYRF	3'UTR	22	16	38	0.42105263157894735	2	1	1	1.7917	1	1.7917	1.0	True	0.47	2.07
11	62381081	G	A	ROM1	Missense_Mutation	24	13	37	0.35135135135135137	2	1	1	1.4951	1	1.4951	1.0	True	0.47	2.07
11	66254125	C	T	DPP3	Nonsense_Mutation	73	24	97	0.24742268041237114	2	1	1	1.0529	1	1.0529	1.0	True	0.47	2.07
11	71152365	G	A	DHCR7	Silent	61	18	79	0.22784810126582278	2	1	1	0.9696	1	0.9696	0.9696	True	0.47	2.07
11	71948210	C	T	INPPL1	Silent	111	36	147	0.24489795918367346	2	1	1	1.0421	1	1.0421	1.0	True	0.47	2.07
11	73620448	C	T	PAAF1	Silent	69	23	92	0.25	2	1	1	1.0638	1	1.0638	1.0	True	0.47	2.07
11	73941314	C	T	PPME1	Silent	133	29	162	0.17901234567901234	2	1	1	0.7618	1	0.7618	0.7618	False	0.47	2.07
11	75508220	C	T	DGAT2	Missense_Mutation	141	31	172	0.18023255813953487	2	1	1	0.7669	1	0.7669	0.7669	False	0.47	2.07
11	77451873	G	A	RSF1	Missense_Mutation	65	21	86	0.2441860465116279	2	1	1	1.0391	1	1.0391	1.0	True	0.47	2.07
11	89885593	G	A	NAALAD2	Missense_Mutation	52	14	66	0.21212121212121213	2	1	1	0.9026	1	0.9026	0.9026	True	0.47	2.07
11	92086801	C	T	FAT3	Missense_Mutation	96	26	122	0.21311475409836064	2	1	1	0.9069	1	0.9069	0.9069	True	0.47	2.07
11	92534542	C	T	FAT3	Missense_Mutation	44	11	55	0.2	2	1	1	0.8511	1	0.8511	0.8511	True	0.47	2.07
11	94322335	G	A	PIWIL4	Silent	89	24	113	0.21238938053097345	2	1	1	0.9038	1	0.9038	0.9038	True	0.47	2.07
11	100933480	C	T	PGR	Missense_Mutation	48	8	56	0.14285714285714285	2	1	1	0.6079	1	0.6079	0.6079	False	0.47	2.07
11	103070049	G	A	DYNC2H1	Silent	24	7	31	0.22580645161290322	2	1	1	0.9609	1	0.9609	0.9609	True	0.47	2.07
11	113675607	A	T	USP28	Missense_Mutation	62	17	79	0.21518987341772153	2	1	1	0.9157	1	0.9157	0.9157	True	0.47	2.07
11	114276477	C	T	RBM7	Nonsense_Mutation	54	9	63	0.14285714285714285	2	1	1	0.6079	1	0.6079	0.6079	False	0.47	2.07
11	117303079	C	T	DSCAML1	Missense_Mutation	41	8	49	0.16326530612244897	2	1	1	0.6947	1	0.6947	0.6947	False	0.47	2.07
11	118130816	C	T	MPZL2	Silent	265	74	339	0.2182890855457227	2	1	1	0.9289	1	0.9289	0.9289	True	0.47	2.07
11	120989063	C	T	TECTA	Missense_Mutation	66	13	79	0.16455696202531644	2	1	1	0.7002	1	0.7002	0.7002	False	0.47	2.07
11	120998980	G	A	TECTA	Nonsense_Mutation	55	19	74	0.25675675675675674	2	1	1	1.0926	1	1.0926	1.0	True	0.47	2.07
11	121477623	G	T	SORL1	Missense_Mutation	137	44	181	0.2430939226519337	2	1	1	1.0344	1	1.0344	1.0	True	0.47	2.07
11	123886368	C	T	OR10G4	Silent	77	33	110	0.3	2	1	1	1.2766	1	1.2766	1.0	True	0.47	2.07
11	124266338	G	A	OR8B3	Silent	94	24	118	0.2033898305084746	2	1	1	0.8655	1	0.8655	0.8655	True	0.47	2.07
11	130013326	G	A	APLP2	Missense_Mutation	82	28	110	0.2545454545454545	2	1	1	1.0832	1	1.0832	1.0	True	0.47	2.07
11	130108498	C	T	ZBTB44	Missense_Mutation	29	5	34	0.14705882352941177	2	1	1	0.6258	1	0.6258	0.6258	False	0.47	2.07
11	134047120	G	A	NCAPD3	Silent	61	22	83	0.26506024096385544	2	1	1	1.1279	1	1.1279	1.0	True	0.47	2.07
12	304399	C	T	SLC6A12	Nonsense_Mutation	129	39	168	0.23214285714285715	2	1	1	0.9878	1	0.9878	0.9878	True	0.47	2.07
12	4919558	C	T	KCNA6	Silent	73	25	98	0.25510204081632654	2	1	1	1.0855	1	1.0855	1.0	True	0.47	2.07
12	5603549	G	A	NTF3	Missense_Mutation	93	24	117	0.20512820512820512	2	1	1	0.8729	1	0.8729	0.8729	True	0.47	2.07
12	6153610	C	A	VWF	Missense_Mutation	28	7	35	0.2	2	1	1	0.8511	1	0.8511	0.8511	True	0.47	2.07
12	6421437	C	T	PLEKHG6	Silent	79	21	100	0.21	2	1	1	0.8936	1	0.8936	0.8936	True	0.47	2.07
12	7463275	C	T	ACSM4	Missense_Mutation	17	5	22	0.22727272727272727	2	1	1	0.9671	1	0.9671	0.9671	True	0.47	2.07
12	10312595	G	A	OLR1	Nonsense_Mutation	131	32	163	0.19631901840490798	2	1	1	0.8354	1	0.8354	0.8354	False	0.47	2.07
12	13906821	C	T	GRIN2B	Missense_Mutation	57	16	73	0.2191780821917808	2	1	1	0.9327	1	0.9327	0.9327	True	0.47	2.07
12	15734639	C	T	PTPRO	Silent	86	20	106	0.18867924528301888	2	1	1	0.8029	1	0.8029	0.8029	False	0.47	2.07
12	16713473	C	T	LMO3	Splice_Site	34	10	44	0.22727272727272727	2	1	1	0.9671	1	0.9671	0.9671	True	0.47	2.07
12	18234310	T	A	RERGL	Missense_Mutation	74	19	93	0.20430107526881722	2	1	1	0.8694	1	0.8694	0.8694	True	0.47	2.07
12	21712622	C	T	GYS2	Missense_Mutation	26	7	33	0.21212121212121213	2	1	1	0.9026	1	0.9026	0.9026	True	0.47	2.07
12	21713332	C	T	GYS2	Missense_Mutation	112	34	146	0.2328767123287671	2	1	1	0.991	1	0.991	0.991	True	0.47	2.07
12	48723737	G	A	H1FNT	Silent	13	6	19	0.3157894736842105	2	1	1	1.3438	1	1.3438	1.0	True	0.47	2.07
12	49061521	G	A	KANSL2	Missense_Mutation	128	24	152	0.15789473684210525	2	1	1	0.6719	1	0.6719	0.6719	False	0.47	2.07
12	49418438	G	A	KMT2D	Silent	17	9	26	0.34615384615384615	2	1	1	1.473	1	1.473	1.0	True	0.47	2.07
12	53002027	C	T	KRT73	Missense_Mutation	137	42	179	0.2346368715083799	2	1	1	0.9985	1	0.9985	0.9985	True	0.47	2.07
12	53005026	G	A	KRT73	Nonsense_Mutation	97	21	118	0.17796610169491525	2	1	1	0.7573	1	0.7573	0.7573	False	0.47	2.07
12	54107625	G	A	CALCOCO1	Missense_Mutation	87	29	116	0.25	2	1	1	1.0638	1	1.0638	1.0	True	0.47	2.07
12	54427267	G	T	HOXC5	Nonsense_Mutation	10	3	13	0.23076923076923078	2	1	1	0.982	1	0.982	0.982	True	0.47	2.07
12	56481944	C	T	ERBB3	Missense_Mutation	33	12	45	0.26666666666666666	2	1	1	1.1348	1	1.1348	1.0	True	0.47	2.07
12	57114739	G	A	NACA	Missense_Mutation	99	22	121	0.18181818181818182	2	1	1	0.7737	1	0.7737	0.7737	False	0.47	2.07
12	58121520	A	T	AGAP2	Missense_Mutation	27	3	30	0.1	2	1	1	0.4255	1	0.4255	0.4255	False	0.47	2.07
12	70048755	C	T	BEST3	Missense_Mutation	41	8	49	0.16326530612244897	2	1	1	0.6947	1	0.6947	0.6947	False	0.47	2.07
12	79837979	A	C	SYT1	Missense_Mutation	158	36	194	0.18556701030927836	2	1	1	0.7896	1	0.7896	0.7896	False	0.47	2.07
12	82796832	A	G	METTL25	Missense_Mutation	48	12	60	0.2	2	1	1	0.8511	1	0.8511	0.8511	True	0.47	2.07
12	102056192	G	A	MYBPC1	Missense_Mutation	56	8	64	0.125	2	1	1	0.5319	1	0.5319	0.5319	False	0.47	2.07
12	104126850	G	A	STAB2	Missense_Mutation	128	46	174	0.26436781609195403	2	1	1	1.125	1	1.125	1.0	True	0.47	2.07
12	112578685	C	T	TRAFD1	Silent	87	27	114	0.23684210526315788	2	1	1	1.0078	1	1.0078	1.0	True	0.47	2.07
12	112654696	G	A	HECTD4	Silent	85	21	106	0.19811320754716982	2	1	1	0.843	1	0.843	0.843	False	0.47	2.07
12	112846061	C	T	RPL6	Missense_Mutation	76	13	89	0.14606741573033707	2	1	1	0.6216	1	0.6216	0.6216	False	0.47	2.07
12	112846062	C	T	RPL6	Silent	73	13	86	0.1511627906976744	2	1	1	0.6432	1	0.6432	0.6432	False	0.47	2.07
12	118198896	G	A	KSR2	Silent	127	27	154	0.17532467532467533	2	1	1	0.7461	1	0.7461	0.7461	False	0.47	2.07
12	118198921	G	A	KSR2	Missense_Mutation	140	28	168	0.16666666666666666	2	1	1	0.7092	1	0.7092	0.7092	False	0.47	2.07
12	120600896	G	A	GCN1L1	Silent	58	16	74	0.21621621621621623	2	1	1	0.9201	1	0.9201	0.9201	True	0.47	2.07
12	120791151	G	A	MSI1	Silent	98	28	126	0.2222222222222222	2	1	1	0.9456	1	0.9456	0.9456	True	0.47	2.07
12	121712076	G	A	CAMKK2	Missense_Mutation	25	10	35	0.2857142857142857	2	1	1	1.2158	1	1.2158	1.0	True	0.47	2.07
12	122691281	G	T	B3GNT4	Silent	47	19	66	0.2878787878787879	2	1	1	1.225	1	1.225	1.0	True	0.47	2.07
13	20006621	G	A	TPTE2	Missense_Mutation	33	5	38	0.13157894736842105	2	1	1	0.5599	1	0.5599	0.5599	False	0.47	2.07
13	23915199	G	A	SACS	Missense_Mutation	93	20	113	0.17699115044247787	2	1	1	0.7532	1	0.7532	0.7532	False	0.47	2.07
13	25275033	C	T	ATP12A	Silent	61	16	77	0.2077922077922078	2	1	1	0.8842	1	0.8842	0.8842	True	0.47	2.07
13	25433138	G	A	RNF17	Splice_Site	15	6	21	0.2857142857142857	2	1	1	1.2158	1	1.2158	1.0	True	0.47	2.07
13	25486139	G	A	CENPJ	Silent	90	24	114	0.21052631578947367	2	1	1	0.8959	1	0.8959	0.8959	True	0.47	2.07
13	33716453	C	T	STARD13	Silent	71	15	86	0.1744186046511628	2	1	1	0.7422	1	0.7422	0.7422	False	0.47	2.07
13	39544522	G	A	STOML3	Missense_Mutation	76	25	101	0.24752475247524752	2	1	1	1.0533	1	1.0533	1.0	True	0.47	2.07
13	42277461	T	C	VWA8	Missense_Mutation	57	10	67	0.14925373134328357	2	1	1	0.6351	1	0.6351	0.6351	False	0.47	2.07
13	86370073	G	A	SLITRK6	Missense_Mutation	125	38	163	0.2331288343558282	2	1	1	0.992	1	0.992	0.992	True	0.47	2.07
13	98655019	C	T	IPO5	Missense_Mutation	68	22	90	0.24444444444444444	2	1	1	1.0402	1	1.0402	1.0	True	0.47	2.07
13	99358483	C	T	SLC15A1	Missense_Mutation	50	18	68	0.2647058823529412	2	1	1	1.1264	1	1.1264	1.0	True	0.47	2.07
14	21555550	C	T	ARHGEF40	Missense_Mutation	62	19	81	0.2345679012345679	2	1	1	0.9982	1	0.9982	0.9982	True	0.47	2.07
14	21555551	C	T	ARHGEF40	Missense_Mutation	63	19	82	0.23170731707317074	2	1	1	0.986	1	0.986	0.986	True	0.47	2.07
14	21871732	C	T	CHD8	Missense_Mutation	21	3	24	0.125	2	1	1	0.5319	1	0.5319	0.5319	False	0.47	2.07
14	22409795	G	A	TRAV9-2	Silent	64	15	79	0.189873417721519	2	1	1	0.808	1	0.808	0.808	False	0.47	2.07
14	22554979	T	A	TRAV23DV6	Missense_Mutation	34	11	45	0.24444444444444444	2	1	1	1.0402	1	1.0402	1.0	True	0.47	2.07
14	22564750	C	T	TRDV1	Silent	89	32	121	0.2644628099173554	2	1	1	1.1254	1	1.1254	1.0	True	0.47	2.07
14	22573960	G	C	TRAV24	Missense_Mutation	16	3	19	0.15789473684210525	2	1	1	0.6719	1	0.6719	0.6719	False	0.47	2.07
14	22670506	C	T	TRAV26-2	Silent	34	10	44	0.22727272727272727	2	1	1	0.9671	1	0.9671	0.9671	True	0.47	2.07
14	22671075	C	T	TRAV26-2	Missense_Mutation	56	12	68	0.17647058823529413	2	1	1	0.7509	1	0.7509	0.7509	False	0.47	2.07
14	22671117	C	T	TRAV26-2	Missense_Mutation	41	12	53	0.22641509433962265	2	1	1	0.9635	1	0.9635	0.9635	True	0.47	2.07
14	23588291	C	T	CEBPE	Missense_Mutation	12	8	20	0.4	2	1	1	1.7021	1	1.7021	1.0	True	0.47	2.07
14	23817418	G	A	SLC22A17	Missense_Mutation	72	19	91	0.2087912087912088	2	1	1	0.8885	1	0.8885	0.8885	True	0.47	2.07
14	23817419	G	A	SLC22A17	Silent	73	18	91	0.1978021978021978	2	1	1	0.8417	1	0.8417	0.8417	False	0.47	2.07
14	23874460	G	A	MYH6	Silent	138	65	203	0.32019704433497537	2	1	1	1.3625	1	1.3625	1.0	True	0.47	2.07
14	24034940	G	A	AP1G2	Intron	30	10	40	0.25	2	1	1	1.0638	1	1.0638	1.0	True	0.47	2.07
14	24034941	T	A	AP1G2	Intron	30	11	41	0.2682926829268293	2	1	1	1.1417	1	1.1417	1.0	True	0.47	2.07
14	24845892	C	T	NFATC4	Missense_Mutation	158	38	196	0.19387755102040816	2	1	1	0.825	1	0.825	0.825	False	0.47	2.07
14	26917263	C	T	NOVA1	Missense_Mutation	50	6	56	0.10714285714285714	2	1	1	0.4559	1	0.4559	0.4559	False	0.47	2.07
14	51706962	G	A	TMX1	5'UTR	22	7	29	0.2413793103448276	2	1	1	1.0271	1	1.0271	1.0	True	0.47	2.07
14	55448271	G	A	WDHD1	Missense_Mutation	71	22	93	0.23655913978494625	2	1	1	1.0066	1	1.0066	1.0	True	0.47	2.07
14	62551076	C	T	SYT16	Nonsense_Mutation	49	10	59	0.1694915254237288	2	1	1	0.7212	1	0.7212	0.7212	False	0.47	2.07
14	65009365	A	G	HSPA2	Missense_Mutation	63	20	83	0.24096385542168675	2	1	1	1.0254	1	1.0254	1.0	True	0.47	2.07
14	71444685	C	T	PCNX	Missense_Mutation	153	43	196	0.2193877551020408	2	1	1	0.9336	1	0.9336	0.9336	True	0.47	2.07
14	88652371	C	T	KCNK10	Missense_Mutation	32	8	40	0.2	2	1	1	0.8511	1	0.8511	0.8511	True	0.47	2.07
14	88789157	G	A	KCNK10	5'UTR	54	22	76	0.2894736842105263	2	1	1	1.2318	1	1.2318	1.0	True	0.47	2.07
14	91760643	C	T	CCDC88C	Missense_Mutation	46	14	60	0.23333333333333334	2	1	1	0.9929	1	0.9929	0.9929	True	0.47	2.07
14	93943986	G	A	UNC79	5'UTR	78	14	92	0.15217391304347827	2	1	1	0.6475	1	0.6475	0.6475	False	0.47	2.07
14	94139696	G	A	UNC79	Splice_Site	57	25	82	0.3048780487804878	2	1	1	1.2974	1	1.2974	1.0	True	0.47	2.07
14	94964180	G	A	SERPINA12	Silent	114	41	155	0.2645161290322581	2	1	1	1.1256	1	1.1256	1.0	True	0.47	2.07
14	95579448	G	A	DICER1	Missense_Mutation	58	15	73	0.2054794520547945	2	1	1	0.8744	1	0.8744	0.8744	True	0.47	2.07
14	103412809	G	A	CDC42BPB	Silent	55	9	64	0.140625	2	1	1	0.5984	1	0.5984	0.5984	False	0.47	2.07
14	104570792	G	A	ASPG	Missense_Mutation	30	7	37	0.1891891891891892	2	1	1	0.8051	1	0.8051	0.8051	False	0.47	2.07
14	106471667	C	T	IGHV1-3	Nonsense_Mutation	38	6	44	0.13636363636363635	2	1	1	0.5803	1	0.5803	0.5803	False	0.47	2.07
15	20490539	C	T	CHEK2P2	RNA	472	35	507	0.06903353057199212	2	1	1	0.2938	1	0.2938	0.2938	False	0.47	2.07
15	22473225	C	T	IGHV4OR15-8	Splice_Site	146	7	153	0.0457516339869281	2	1	1	0.1947	1	0.1947	0.1947	False	0.47	2.07
15	25219528	C	T	SNRPN	5'UTR	47	22	69	0.3188405797101449	2	1	1	1.3568	1	1.3568	1.0	True	0.47	2.07
15	27128374	G	A	GABRA5	Silent	45	14	59	0.23728813559322035	2	1	1	1.0097	1	1.0097	1.0	True	0.47	2.07
15	34649228	A	G	NUTM1	Missense_Mutation	30	16	46	0.34782608695652173	2	1	1	1.4801	1	1.4801	1.0	True	0.47	2.07
15	39879565	G	A	THBS1	Missense_Mutation	39	21	60	0.35	2	1	1	1.4894	1	1.4894	1.0	True	0.47	2.07
15	39880262	G	A	THBS1	Nonsense_Mutation	85	20	105	0.19047619047619047	2	1	1	0.8105	1	0.8105	0.8105	False	0.47	2.07
15	40599815	C	T	PLCB2	Missense_Mutation	34	10	44	0.22727272727272727	2	1	1	0.9671	1	0.9671	0.9671	True	0.47	2.07
15	40710482	C	T	IVD	3'UTR	56	16	72	0.2222222222222222	2	1	1	0.9456	1	0.9456	0.9456	True	0.47	2.07
15	40913497	T	G	CASC5	Missense_Mutation	78	23	101	0.22772277227722773	2	1	1	0.969	1	0.969	0.969	True	0.47	2.07
15	42035012	T	A	MGA	Silent	97	24	121	0.19834710743801653	2	1	1	0.844	1	0.844	0.844	False	0.47	2.07
15	42172063	C	T	SPTBN5	Splice_Site	34	14	48	0.2916666666666667	2	1	1	1.2411	1	1.2411	1.0	True	0.47	2.07
15	45050851	C	T	TRIM69	Silent	45	16	61	0.26229508196721313	2	1	1	1.1161	1	1.1161	1.0	True	0.47	2.07
15	45724290	C	T	C15orf48	Missense_Mutation	31	4	35	0.11428571428571428	2	1	1	0.4863	1	0.4863	0.4863	False	0.47	2.07
15	51839578	G	A	DMXL2	Missense_Mutation	54	9	63	0.14285714285714285	2	1	1	0.6079	1	0.6079	0.6079	False	0.47	2.07
15	52356225	C	T	MAPK6	Silent	80	30	110	0.2727272727272727	2	1	1	1.1605	1	1.1605	1.0	True	0.47	2.07
15	52356226	C	T	MAPK6	Nonsense_Mutation	78	31	109	0.28440366972477066	2	1	1	1.2102	1	1.2102	1.0	True	0.47	2.07
15	56681579	G	A	TEX9	Missense_Mutation	32	6	38	0.15789473684210525	2	1	1	0.6719	1	0.6719	0.6719	False	0.47	2.07
15	63618462	G	A	CA12	3'UTR	49	16	65	0.24615384615384617	2	1	1	1.0475	1	1.0475	1.0	True	0.47	2.07
15	63618464	G	A	CA12	3'UTR	51	15	66	0.22727272727272727	2	1	1	0.9671	1	0.9671	0.9671	True	0.47	2.07
15	65877212	G	A	VWA9	Missense_Mutation	25	8	33	0.24242424242424243	2	1	1	1.0316	1	1.0316	1.0	True	0.47	2.07
15	66180222	C	T	RAB11A	3'UTR	53	26	79	0.3291139240506329	2	1	1	1.4005	1	1.4005	1.0	True	0.47	2.07
15	72690748	G	A	TMEM202	Silent	21	7	28	0.25	2	1	1	1.0638	1	1.0638	1.0	True	0.47	2.07
15	76430089	C	T	C15orf27	Missense_Mutation	123	36	159	0.22641509433962265	2	1	1	0.9635	1	0.9635	0.9635	True	0.47	2.07
15	79058878	C	A	ADAMTS7	Silent	17	4	21	0.19047619047619047	2	1	1	0.8105	1	0.8105	0.8105	False	0.47	2.07
15	79312443	C	T	RASGRF1	Missense_Mutation	91	23	114	0.20175438596491227	2	1	1	0.8585	1	0.8585	0.8585	True	0.47	2.07
15	79614547	C	T	TMED3	Silent	81	15	96	0.15625	2	1	1	0.6649	1	0.6649	0.6649	False	0.47	2.07
15	85666319	G	T	PDE8A	Silent	80	16	96	0.16666666666666666	2	1	1	0.7092	1	0.7092	0.7092	False	0.47	2.07
15	88472554	C	T	NTRK3	Missense_Mutation	49	12	61	0.19672131147540983	2	1	1	0.8371	1	0.8371	0.8371	False	0.47	2.07
15	88678329	C	T	NTRK3	Intron	86	23	109	0.21100917431192662	2	1	1	0.8979	1	0.8979	0.8979	True	0.47	2.07
15	89392937	C	T	ACAN	Silent	18	4	22	0.18181818181818182	2	1	1	0.7737	1	0.7737	0.7737	False	0.47	2.07
15	90167737	A	C	TICRR	Missense_Mutation	133	40	173	0.23121387283236994	2	1	1	0.9839	1	0.9839	0.9839	True	0.47	2.07
15	91769606	G	A	SV2B	Missense_Mutation	61	13	74	0.17567567567567569	2	1	1	0.7476	1	0.7476	0.7476	False	0.47	2.07
15	101593579	C	T	LRRK1	Silent	39	4	43	0.09302325581395349	2	1	1	0.3958	1	0.3958	0.3958	False	0.47	2.07
16	2127662	G	A	TSC2	Silent	72	28	100	0.28	2	1	1	1.1915	1	1.1915	1.0	True	0.47	2.07
16	2162790	G	A	PKD1	Silent	26	6	32	0.1875	2	1	1	0.7979	1	0.7979	0.7979	False	0.47	2.07
16	2378471	G	A	ABCA3	5'UTR	14	7	21	0.3333333333333333	2	1	1	1.4184	1	1.4184	1.0	True	0.47	2.07
16	2813624	C	T	SRRM2	Missense_Mutation	112	35	147	0.23809523809523808	2	1	1	1.0132	1	1.0132	1.0	True	0.47	2.07
16	3293320	C	T	MEFV	Missense_Mutation	106	31	137	0.22627737226277372	2	1	1	0.9629	1	0.9629	0.9629	True	0.47	2.07
16	7382859	C	T	RBFOX1	5'UTR	15	5	20	0.25	2	1	1	1.0638	1	1.0638	1.0	True	0.47	2.07
16	8839939	C	T	ABAT	Missense_Mutation	39	13	52	0.25	2	1	1	1.0638	1	1.0638	1.0	True	0.47	2.07
16	8994415	T	A	USP7	Missense_Mutation	74	8	82	0.0975609756097561	2	1	1	0.4152	1	0.4152	0.4152	False	0.47	2.07
16	9857492	G	A	GRIN2A	Silent	94	33	127	0.25984251968503935	2	1	1	1.1057	1	1.1057	1.0	True	0.47	2.07
16	10274089	C	T	GRIN2A	Silent	84	22	106	0.20754716981132076	2	1	1	0.8832	1	0.8832	0.8832	True	0.47	2.07
16	10551263	A	G	ATF7IP2	Missense_Mutation	87	32	119	0.2689075630252101	2	1	1	1.1443	1	1.1443	1.0	True	0.47	2.07
16	12061681	G	A	TNFRSF17	Missense_Mutation	56	17	73	0.2328767123287671	2	1	1	0.991	1	0.991	0.991	True	0.47	2.07
16	19883616	G	A	GPRC5B	Silent	71	11	82	0.13414634146341464	2	1	1	0.5708	1	0.5708	0.5708	False	0.47	2.07
16	21065751	G	A	DNAH3	Silent	33	13	46	0.2826086956521739	2	1	1	1.2026	1	1.2026	1.0	True	0.47	2.07
16	21073827	C	T	DNAH3	Silent	102	30	132	0.22727272727272727	2	1	1	0.9671	1	0.9671	0.9671	True	0.47	2.07
16	21213314	C	T	ZP2	Missense_Mutation	134	36	170	0.21176470588235294	2	1	1	0.9011	1	0.9011	0.9011	True	0.47	2.07
16	23226893	C	T	SCNN1G	3'UTR	12	6	18	0.3333333333333333	2	1	1	1.4184	1	1.4184	1.0	True	0.47	2.07
16	24105562	C	T	PRKCB	Silent	92	23	115	0.2	2	1	1	0.8511	1	0.8511	0.8511	True	0.47	2.07
16	24578724	C	T	RBBP6	Missense_Mutation	212	52	264	0.19696969696969696	2	1	1	0.8382	1	0.8382	0.8382	False	0.47	2.07
16	27506677	C	T	GTF3C1	Silent	37	8	45	0.17777777777777778	2	1	1	0.7565	1	0.7565	0.7565	False	0.47	2.07
16	30740291	C	T	SRCAP	Missense_Mutation	108	17	125	0.136	2	1	1	0.5787	1	0.5787	0.5787	False	0.47	2.07
16	30740292	C	T	SRCAP	Silent	112	18	130	0.13846153846153847	2	1	1	0.5892	1	0.5892	0.5892	False	0.47	2.07
16	31091182	G	A	ZNF646	Silent	22	3	25	0.12	2	1	1	0.5106	1	0.5106	0.5106	False	0.47	2.07
16	31497517	C	T	SLC5A2	Silent	65	15	80	0.1875	2	1	1	0.7979	1	0.7979	0.7979	False	0.47	2.07
16	56875705	C	T	NUP93	Missense_Mutation	109	23	132	0.17424242424242425	2	1	1	0.7415	1	0.7415	0.7415	False	0.47	2.07
16	67038069	C	T	CES4A	Missense_Mutation	114	35	149	0.2348993288590604	2	1	1	0.9996	1	0.9996	0.9996	True	0.47	2.07
16	71602113	C	T	TAT	Silent	52	14	66	0.21212121212121213	2	1	1	0.9026	1	0.9026	0.9026	True	0.47	2.07
16	71602114	C	T	TAT	Missense_Mutation	54	15	69	0.21739130434782608	2	1	1	0.9251	1	0.9251	0.9251	True	0.47	2.07
16	72055184	G	A	DHODH	Missense_Mutation	15	3	18	0.16666666666666666	2	1	1	0.7092	1	0.7092	0.7092	False	0.47	2.07
16	72132628	C	T	DHX38	Missense_Mutation	40	8	48	0.16666666666666666	2	1	1	0.7092	1	0.7092	0.7092	False	0.47	2.07
16	78056532	G	A	CLEC3A	Silent	28	8	36	0.2222222222222222	2	1	1	0.9456	1	0.9456	0.9456	True	0.47	2.07
17	1438746	G	A	PITPNA	Missense_Mutation	30	6	36	0.16666666666666666	2	1	1	0.7092	1	0.7092	0.7092	False	0.47	2.07
17	1552937	C	T	RILP	Silent	8	2	10	0.2	2	1	1	0.8511	1	0.8511	0.8511	True	0.47	2.07
17	3100893	C	T	OR1A2	Silent	121	40	161	0.2484472049689441	2	1	1	1.0572	1	1.0572	1.0	True	0.47	2.07
17	3144330	G	A	OR1D4	RNA	64	13	77	0.16883116883116883	2	1	1	0.7184	1	0.7184	0.7184	False	0.47	2.07
17	4647081	C	T	ZMYND15	Silent	34	11	45	0.24444444444444444	2	1	1	1.0402	1	1.0402	1.0	True	0.47	2.07
17	4796787	C	T	MINK1	Missense_Mutation	58	18	76	0.23684210526315788	2	1	1	1.0078	1	1.0078	1.0	True	0.47	2.07
17	4927425	G	T	KIF1C	Missense_Mutation	78	23	101	0.22772277227722773	2	1	1	0.969	1	0.969	0.969	True	0.47	2.07
17	5338248	G	A	C1QBP	Missense_Mutation	72	25	97	0.25773195876288657	2	1	1	1.0967	1	1.0967	1.0	True	0.47	2.07
17	5485193	C	T	NLRP1	Missense_Mutation	105	34	139	0.2446043165467626	2	1	1	1.0409	1	1.0409	1.0	True	0.47	2.07
17	6943385	T	A	SLC16A13	3'UTR	18	11	29	0.3793103448275862	2	1	1	1.6141	1	1.6141	1.0	True	0.47	2.07
17	7401454	C	T	POLR2A	Silent	64	21	85	0.24705882352941178	2	1	1	1.0513	1	1.0513	1.0	True	0.47	2.07
17	7950012	C	T	ALOX15B	Silent	26	9	35	0.2571428571428571	2	1	1	1.0942	1	1.0942	1.0	True	0.47	2.07
17	8168223	C	T	PFAS	Missense_Mutation	12	3	15	0.2	2	1	1	0.8511	1	0.8511	0.8511	True	0.47	2.07
17	10295939	C	T	MYH8	Missense_Mutation	160	43	203	0.21182266009852216	2	1	1	0.9014	1	0.9014	0.9014	True	0.47	2.07
17	10348126	C	T	MYH4	Missense_Mutation	117	32	149	0.21476510067114093	2	1	1	0.9139	1	0.9139	0.9139	True	0.47	2.07
17	10443321	C	T	MYH2	Silent	177	53	230	0.23043478260869565	2	1	1	0.9806	1	0.9806	0.9806	True	0.47	2.07
17	12896253	C	T	ELAC2	Missense_Mutation	83	24	107	0.22429906542056074	2	1	1	0.9545	1	0.9545	0.9545	True	0.47	2.07
17	16593955	C	T	CCDC144A	Missense_Mutation	170	49	219	0.2237442922374429	2	1	1	0.9521	1	0.9521	0.9521	True	0.47	2.07
17	16725522	G	A	AC022596.6	RNA	43	15	58	0.25862068965517243	2	1	1	1.1005	1	1.1005	1.0	True	0.47	2.07
17	18675954	C	T	FBXW10	Missense_Mutation	167	47	214	0.21962616822429906	2	1	1	0.9346	1	0.9346	0.9346	True	0.47	2.07
17	18874996	T	A	FAM83G	Silent	47	16	63	0.25396825396825395	2	1	1	1.0807	1	1.0807	1.0	True	0.47	2.07
17	19470492	C	T	SLC47A1	Silent	172	47	219	0.2146118721461187	2	1	1	0.9132	1	0.9132	0.9132	True	0.47	2.07
17	19611819	C	A	SLC47A2	Missense_Mutation	184	44	228	0.19298245614035087	2	1	1	0.8212	1	0.8212	0.8212	False	0.47	2.07
17	20354887	A	C	LGALS9B	Silent	66	14	80	0.175	2	1	1	0.7447	1	0.7447	0.7447	False	0.47	2.07
17	21477534	G	A	AC138710.1	5'Flank	21	4	25	0.16	2	1	1	0.6809	1	0.6809	0.6809	False	0.47	2.07
17	26666526	G	A	TNFAIP1	5'UTR	13	4	17	0.23529411764705882	2	1	1	1.0013	1	1.0013	1.0	True	0.47	2.07
17	26666527	G	A	TNFAIP1	5'UTR	13	5	18	0.2777777777777778	2	1	1	1.182	1	1.182	1.0	True	0.47	2.07
17	33501375	G	A	UNC45B	Missense_Mutation	53	16	69	0.2318840579710145	2	1	1	0.9867	1	0.9867	0.9867	True	0.47	2.07
17	36358958	G	A	RP11-1407O15.2	Silent	370	34	404	0.08415841584158416	2	1	1	0.3581	1	0.3581	0.3581	False	0.47	2.07
17	37786257	G	A	PPP1R1B	Silent	72	18	90	0.2	2	1	1	0.8511	1	0.8511	0.8511	True	0.47	2.07
17	38078571	G	A	ORMDL3	3'UTR	13	4	17	0.23529411764705882	2	1	1	1.0013	1	1.0013	1.0	True	0.47	2.07
17	38643619	G	A	TNS4	Silent	45	16	61	0.26229508196721313	2	1	1	1.1161	1	1.1161	1.0	True	0.47	2.07
17	42449740	C	T	ITGA2B	Missense_Mutation	30	5	35	0.14285714285714285	2	1	1	0.6079	1	0.6079	0.6079	False	0.47	2.07
17	42744143	C	T	C17orf104	Silent	36	11	47	0.23404255319148937	2	1	1	0.9959	1	0.9959	0.9959	True	0.47	2.07
17	48755183	G	A	ABCC3	Missense_Mutation	194	60	254	0.23622047244094488	2	1	1	1.0052	1	1.0052	1.0	True	0.47	2.07
17	48823267	C	T	LUC7L3	Missense_Mutation	27	11	38	0.2894736842105263	2	1	1	1.2318	1	1.2318	1.0	True	0.47	2.07
17	49825013	C	T	CA10	Missense_Mutation	151	32	183	0.17486338797814208	2	1	1	0.7441	1	0.7441	0.7441	False	0.47	2.07
17	54520229	C	T	ANKFN1	Missense_Mutation	70	13	83	0.1566265060240964	2	1	1	0.6665	1	0.6665	0.6665	False	0.47	2.07
17	62038750	T	G	SCN4A	Missense_Mutation	213	51	264	0.19318181818181818	2	1	1	0.8221	1	0.8221	0.8221	False	0.47	2.07
17	66938086	G	A	ABCA8	Silent	47	16	63	0.25396825396825395	2	1	1	1.0807	1	1.0807	1.0	True	0.47	2.07
17	72764831	G	A	SLC9A3R1	3'UTR	27	6	33	0.18181818181818182	2	1	1	0.7737	1	0.7737	0.7737	False	0.47	2.07
17	72954844	G	A	HID1	Silent	28	14	42	0.3333333333333333	2	1	1	1.4184	1	1.4184	1.0	True	0.47	2.07
17	79650870	C	T	ARL16	5'UTR	24	6	30	0.2	2	1	1	0.8511	1	0.8511	0.8511	True	0.47	2.07
18	334970	C	T	COLEC12	Missense_Mutation	18	3	21	0.14285714285714285	2	1	1	0.6079	1	0.6079	0.6079	False	0.47	2.07
18	6956647	G	A	LAMA1	Silent	65	14	79	0.17721518987341772	2	1	1	0.7541	1	0.7541	0.7541	False	0.47	2.07
18	7231617	G	A	LRRC30	Missense_Mutation	80	14	94	0.14893617021276595	2	1	1	0.6338	1	0.6338	0.6338	False	0.47	2.07
18	9258271	C	T	ANKRD12	Missense_Mutation	36	15	51	0.29411764705882354	2	1	1	1.2516	1	1.2516	1.0	True	0.47	2.07
18	13621218	C	T	LDLRAD4	Missense_Mutation	74	14	88	0.1590909090909091	2	1	1	0.677	1	0.677	0.677	False	0.47	2.07
18	13826736	G	A	MC5R	Silent	78	15	93	0.16129032258064516	2	1	1	0.6863	1	0.6863	0.6863	False	0.47	2.07
18	14763957	G	A	ANKRD30B	Missense_Mutation	20	3	23	0.13043478260869565	2	1	1	0.555	1	0.555	0.555	False	0.47	2.07
18	21484573	C	T	LAMA3	Missense_Mutation	19	4	23	0.17391304347826086	2	1	1	0.7401	1	0.7401	0.7401	False	0.47	2.07
18	21501018	G	A	LAMA3	Silent	39	13	52	0.25	2	1	1	1.0638	1	1.0638	1.0	True	0.47	2.07
18	28966761	G	C	DSG4	Silent	73	30	103	0.2912621359223301	2	1	1	1.2394	1	1.2394	1.0	True	0.47	2.07
18	56390483	G	A	MALT1	Missense_Mutation	39	7	46	0.15217391304347827	2	1	1	0.6475	1	0.6475	0.6475	False	0.47	2.07
18	56390484	G	T	MALT1	Splice_Site	39	7	46	0.15217391304347827	2	1	1	0.6475	1	0.6475	0.6475	False	0.47	2.07
18	57014755	C	T	LMAN1	Missense_Mutation	16	8	24	0.3333333333333333	2	1	1	1.4184	1	1.4184	1.0	True	0.47	2.07
18	64172194	C	T	CDH19	Missense_Mutation	63	27	90	0.3	2	1	1	1.2766	1	1.2766	1.0	True	0.47	2.07
18	65180387	C	T	DSEL	Missense_Mutation	101	23	124	0.18548387096774194	2	1	1	0.7893	1	0.7893	0.7893	False	0.47	2.07
18	70416259	C	T	NETO1	3'UTR	76	19	95	0.2	2	1	1	0.8511	1	0.8511	0.8511	True	0.47	2.07
18	76754779	G	A	SALL3	Missense_Mutation	15	3	18	0.16666666666666666	2	1	1	0.7092	1	0.7092	0.7092	False	0.47	2.07
18	77895176	C	T	ADNP2	Missense_Mutation	46	11	57	0.19298245614035087	2	1	1	0.8212	1	0.8212	0.8212	False	0.47	2.07
19	1481873	G	A	PCSK4	Missense_Mutation	16	5	21	0.23809523809523808	2	1	1	1.0132	1	1.0132	1.0	True	0.47	2.07
19	2073230	C	T	MOB3A	3'UTR	20	9	29	0.3103448275862069	2	1	1	1.3206	1	1.3206	1.0	True	0.47	2.07
19	4217071	G	A	ANKRD24	Missense_Mutation	42	13	55	0.23636363636363636	2	1	1	1.0058	1	1.0058	1.0	True	0.47	2.07
19	4219687	G	A	ANKRD24	Missense_Mutation	62	14	76	0.18421052631578946	2	1	1	0.7839	1	0.7839	0.7839	False	0.47	2.07
19	5754252	C	T	CATSPERD	Missense_Mutation	89	26	115	0.22608695652173913	2	1	1	0.9621	1	0.9621	0.9621	True	0.47	2.07
19	6040081	G	A	RFX2	Silent	25	10	35	0.2857142857142857	2	1	1	1.2158	1	1.2158	1.0	True	0.47	2.07
19	6682195	G	A	C3	Silent	87	19	106	0.1792452830188679	2	1	1	0.7627	1	0.7627	0.7627	False	0.47	2.07
19	8430912	G	A	ANGPTL4	Silent	42	14	56	0.25	2	1	1	1.0638	1	1.0638	1.0	True	0.47	2.07
19	8922209	G	A	ZNF558	Silent	79	26	105	0.24761904761904763	2	1	1	1.0537	1	1.0537	1.0	True	0.47	2.07
19	9325379	G	A	OR7D4	Silent	120	28	148	0.1891891891891892	2	1	1	0.8051	1	0.8051	0.8051	False	0.47	2.07
19	9578750	G	A	ZNF560	Silent	111	36	147	0.24489795918367346	2	1	1	1.0421	1	1.0421	1.0	True	0.47	2.07
19	10079068	C	T	COL5A3	Missense_Mutation	158	44	202	0.21782178217821782	2	1	1	0.9269	1	0.9269	0.9269	True	0.47	2.07
19	10124162	G	A	RDH8	Missense_Mutation	61	16	77	0.2077922077922078	2	1	1	0.8842	1	0.8842	0.8842	True	0.47	2.07
19	11022910	C	T	CARM1	Silent	246	68	314	0.21656050955414013	2	1	1	0.9215	1	0.9215	0.9215	True	0.47	2.07
19	11101966	C	T	SMARCA4	Silent	14	3	17	0.17647058823529413	2	1	1	0.7509	1	0.7509	0.7509	False	0.47	2.07
19	11132428	G	A	SMARCA4	Missense_Mutation	15	10	25	0.4	2	1	1	1.7021	1	1.7021	1.0	True	0.47	2.07
19	11134267	G	A	SMARCA4	Missense_Mutation	20	14	34	0.4117647058823529	2	1	1	1.7522	1	1.7522	1.0	True	0.47	2.07
19	12090047	C	T	ZNF763	3'UTR	67	13	80	0.1625	2	1	1	0.6915	1	0.6915	0.6915	False	0.47	2.07
19	12866708	G	A	BEST2	Missense_Mutation	69	27	96	0.28125	2	1	1	1.1968	1	1.1968	1.0	True	0.47	2.07
19	13445223	G	A	CACNA1A	Silent	72	17	89	0.19101123595505617	2	1	1	0.8128	1	0.8128	0.8128	False	0.47	2.07
19	15079115	C	T	SLC1A6	Missense_Mutation	11	3	14	0.21428571428571427	2	1	1	0.9119	1	0.9119	0.9119	True	0.47	2.07
19	15276261	G	A	NOTCH3	Silent	41	11	52	0.21153846153846154	2	1	1	0.9002	1	0.9002	0.9002	True	0.47	2.07
19	15376337	G	A	BRD4	Missense_Mutation	139	32	171	0.1871345029239766	2	1	1	0.7963	1	0.7963	0.7963	False	0.47	2.07
19	15730487	C	T	CYP4F8	RNA	42	7	49	0.14285714285714285	2	1	1	0.6079	1	0.6079	0.6079	False	0.47	2.07
19	17922508	C	T	B3GNT3	Silent	68	28	96	0.2916666666666667	2	1	1	1.2411	1	1.2411	1.0	True	0.47	2.07
19	17922974	G	A	B3GNT3	3'UTR	17	4	21	0.19047619047619047	2	1	1	0.8105	1	0.8105	0.8105	False	0.47	2.07
19	18943028	G	A	UPF1	Missense_Mutation	39	9	48	0.1875	2	1	1	0.7979	1	0.7979	0.7979	False	0.47	2.07
19	19360599	G	A	NCAN	Missense_Mutation	38	16	54	0.2962962962962963	2	1	1	1.2608	1	1.2608	1.0	True	0.47	2.07
19	20117516	G	A	ZNF682	Silent	83	21	104	0.20192307692307693	2	1	1	0.8592	1	0.8592	0.8592	True	0.47	2.07
19	30313009	C	T	CCNE1	Missense_Mutation	85	32	117	0.27350427350427353	2	1	1	1.1638	1	1.1638	1.0	True	0.47	2.07
19	35176509	C	T	ZNF302	3'UTR	67	15	82	0.18292682926829268	2	1	1	0.7784	1	0.7784	0.7784	False	0.47	2.07
19	35251304	G	C	ZNF599	Missense_Mutation	156	25	181	0.13812154696132597	2	1	1	0.5878	1	0.5878	0.5878	False	0.47	2.07
19	35633400	G	A	FXYD1	Silent	83	16	99	0.16161616161616163	2	1	1	0.6877	1	0.6877	0.6877	False	0.47	2.07
19	39016011	C	T	RYR1	Missense_Mutation	80	19	99	0.1919191919191919	2	1	1	0.8167	1	0.8167	0.8167	False	0.47	2.07
19	40519997	G	A	ZNF546	Missense_Mutation	122	35	157	0.2229299363057325	2	1	1	0.9486	1	0.9486	0.9486	True	0.47	2.07
19	42083885	A	G	CEACAM21	Missense_Mutation	66	25	91	0.27472527472527475	2	1	1	1.169	1	1.169	1.0	True	0.47	2.07
19	42471468	G	A	ATP1A3	Silent	28	18	46	0.391304347826087	2	1	1	1.6651	1	1.6651	1.0	True	0.47	2.07
19	43530617	C	T	PSG11	5'UTR	21	5	26	0.19230769230769232	2	1	1	0.8183	1	0.8183	0.8183	False	0.47	2.07
19	44223535	C	T	IRGC	Silent	55	22	77	0.2857142857142857	2	1	1	1.2158	1	1.2158	1.0	True	0.47	2.07
19	45762442	C	T	MARK4	Missense_Mutation	27	8	35	0.22857142857142856	2	1	1	0.9726	1	0.9726	0.9726	True	0.47	2.07
19	46112870	T	A	EML2	3'Flank	48	7	55	0.12727272727272726	2	1	1	0.5416	1	0.5416	0.5416	False	0.47	2.07
19	46623582	G	A	IGFL3	3'UTR	34	13	47	0.2765957446808511	2	1	1	1.177	1	1.177	1.0	True	0.47	2.07
19	50105096	C	T	PRR12	Missense_Mutation	25	11	36	0.3055555555555556	2	1	1	1.3002	1	1.3002	1.0	True	0.47	2.07
19	51525621	C	A	KLK11	3'UTR	9	6	15	0.4	2	1	1	1.7021	1	1.7021	1.0	True	0.47	2.07
19	51525622	C	T	KLK11	3'UTR	9	6	15	0.4	2	1	1	1.7021	1	1.7021	1.0	True	0.47	2.07
19	51582165	G	A	KLK14	Silent	170	58	228	0.2543859649122807	2	1	1	1.0825	1	1.0825	1.0	True	0.47	2.07
19	51984797	C	T	CEACAM18	Missense_Mutation	62	7	69	0.10144927536231885	2	1	1	0.4317	1	0.4317	0.4317	False	0.47	2.07
19	53208030	G	A	ZNF611	3'UTR	94	26	120	0.21666666666666667	2	1	1	0.922	1	0.922	0.922	True	0.47	2.07
19	54310827	C	T	NLRP12	Missense_Mutation	40	18	58	0.3103448275862069	2	1	1	1.3206	1	1.3206	1.0	True	0.47	2.07
19	55449566	G	A	NLRP7	Missense_Mutation	118	23	141	0.16312056737588654	2	1	1	0.6941	1	0.6941	0.6941	False	0.47	2.07
19	56423937	C	T	NLRP13	Missense_Mutation	68	22	90	0.24444444444444444	2	1	1	1.0402	1	1.0402	1.0	True	0.47	2.07
19	56481962	C	T	NLRP8	Missense_Mutation	150	57	207	0.2753623188405797	2	1	1	1.1718	1	1.1718	1.0	True	0.47	2.07
19	57133335	C	T	ZNF71	Missense_Mutation	42	10	52	0.19230769230769232	2	1	1	0.8183	1	0.8183	0.8183	False	0.47	2.07
19	57642853	C	T	USP29	3'UTR	92	18	110	0.16363636363636364	2	1	1	0.6963	1	0.6963	0.6963	False	0.47	2.07
19	57647171	T	C	ZIM3	Silent	167	50	217	0.2304147465437788	2	1	1	0.9805	1	0.9805	0.9805	True	0.47	2.07
19	58189851	G	A	ZSCAN4	Missense_Mutation	86	24	110	0.21818181818181817	2	1	1	0.9284	1	0.9284	0.9284	True	0.47	2.07
19	59028743	G	A	ZBTB45	Silent	82	11	93	0.11827956989247312	2	1	1	0.5033	1	0.5033	0.5033	False	0.47	2.07
20	2464742	G	A	ZNF343	Missense_Mutation	88	29	117	0.24786324786324787	2	1	1	1.0547	1	1.0547	1.0	True	0.47	2.07
20	3653579	G	A	ADAM33	Intron	5	5	10	0.5	2	1	1	2.1277	1	2.1277	1.0	True	0.47	2.07
20	5294605	G	A	PROKR2	Silent	38	10	48	0.20833333333333334	2	1	1	0.8865	1	0.8865	0.8865	True	0.47	2.07
20	9391729	C	T	PLCB4	Missense_Mutation	61	10	71	0.14084507042253522	2	1	1	0.5993	1	0.5993	0.5993	False	0.47	2.07
20	20150033	G	A	C20orf26	Silent	77	26	103	0.2524271844660194	2	1	1	1.0742	1	1.0742	1.0	True	0.47	2.07
20	30734616	C	T	TM9SF4	Silent	37	7	44	0.1590909090909091	2	1	1	0.677	1	0.677	0.677	False	0.47	2.07
20	35299773	C	G	NDRG3	Missense_Mutation	65	18	83	0.21686746987951808	2	1	1	0.9228	1	0.9228	0.9228	True	0.47	2.07
20	42683150	G	A	TOX2	Missense_Mutation	28	10	38	0.2631578947368421	2	1	1	1.1198	1	1.1198	1.0	True	0.47	2.07
20	44845478	G	A	CDH22	Silent	100	21	121	0.17355371900826447	2	1	1	0.7385	1	0.7385	0.7385	False	0.47	2.07
20	49509384	G	A	ADNP	Missense_Mutation	252	82	334	0.24550898203592814	2	1	1	1.0447	1	1.0447	1.0	True	0.47	2.07
20	56094421	G	A	CTCFL	Missense_Mutation	147	45	192	0.234375	2	1	1	0.9973	1	0.9973	0.9973	True	0.47	2.07
20	57415683	C	T	RP4-806M20.3	5'Flank	22	6	28	0.21428571428571427	2	1	1	0.9119	1	0.9119	0.9119	True	0.47	2.07
20	57767386	G	A	ZNF831	Missense_Mutation	26	10	36	0.2777777777777778	2	1	1	1.182	1	1.182	1.0	True	0.47	2.07
20	61162139	G	A	C20orf166	Intron	9	4	13	0.3076923076923077	2	1	1	1.3093	1	1.3093	1.0	True	0.47	2.07
21	10862625	G	A	IGHV1OR21-1	Missense_Mutation	465	29	494	0.058704453441295545	2	1	1	0.2498	1	0.2498	0.2498	False	0.47	2.07
21	19737500	G	A	TMPRSS15	Missense_Mutation	93	22	115	0.19130434782608696	2	1	1	0.8141	1	0.8141	0.8141	False	0.47	2.07
21	27121396	C	G	GABPA	Missense_Mutation	52	13	65	0.2	2	1	1	0.8511	1	0.8511	0.8511	True	0.47	2.07
21	35281407	G	T	AP000304.12	Missense_Mutation	86	20	106	0.18867924528301888	2	1	1	0.8029	1	0.8029	0.8029	False	0.47	2.07
21	38308998	G	A	HLCS	Silent	42	12	54	0.2222222222222222	2	1	1	0.9456	1	0.9456	0.9456	True	0.47	2.07
21	39087323	C	T	KCNJ6	Missense_Mutation	98	31	129	0.24031007751937986	2	1	1	1.0226	1	1.0226	1.0	True	0.47	2.07
21	41668001	G	A	DSCAM	Silent	62	12	74	0.16216216216216217	2	1	1	0.6901	1	0.6901	0.6901	False	0.47	2.07
21	43413584	A	G	ZBTB21	Silent	140	38	178	0.21348314606741572	2	1	1	0.9084	1	0.9084	0.9084	True	0.47	2.07
21	44840966	G	A	SIK1	Silent	26	5	31	0.16129032258064516	2	1	1	0.6863	1	0.6863	0.6863	False	0.47	2.07
21	45819255	G	A	TRPM2	Silent	44	13	57	0.22807017543859648	2	1	1	0.9705	1	0.9705	0.9705	True	0.47	2.07
21	46901911	C	T	COL18A1	Missense_Mutation	33	10	43	0.23255813953488372	2	1	1	0.9896	1	0.9896	0.9896	True	0.47	2.07
21	47831650	C	G	PCNT	Missense_Mutation	36	11	47	0.23404255319148937	2	1	1	0.9959	1	0.9959	0.9959	True	0.47	2.07
22	17071989	C	T	CCT8L2	Silent	157	45	202	0.22277227722772278	2	1	1	0.948	1	0.948	0.948	True	0.47	2.07
22	17690307	G	A	CECR1	Silent	47	9	56	0.16071428571428573	2	1	1	0.6839	1	0.6839	0.6839	False	0.47	2.07
22	18273570	G	A	MICAL3	Silent	27	7	34	0.20588235294117646	2	1	1	0.8761	1	0.8761	0.8761	True	0.47	2.07
22	24167438	C	T	SMARCB1	Silent	86	28	114	0.24561403508771928	2	1	1	1.0452	1	1.0452	1.0	True	0.47	2.07
22	24621549	C	T	GGT5	Missense_Mutation	41	10	51	0.19607843137254902	2	1	1	0.8344	1	0.8344	0.8344	False	0.47	2.07
22	26164846	C	T	MYO18B	Silent	21	4	25	0.16	2	1	1	0.6809	1	0.6809	0.6809	False	0.47	2.07
22	26219534	G	A	MYO18B	Missense_Mutation	132	42	174	0.2413793103448276	2	1	1	1.0271	1	1.0271	1.0	True	0.47	2.07
22	26228956	C	T	MYO18B	Missense_Mutation	63	10	73	0.136986301369863	2	1	1	0.5829	1	0.5829	0.5829	False	0.47	2.07
22	29879464	G	A	NEFH	Silent	117	36	153	0.23529411764705882	2	1	1	1.0013	1	1.0013	1.0	True	0.47	2.07
22	30812280	G	A	SEC14L2	Silent	59	12	71	0.16901408450704225	2	1	1	0.7192	1	0.7192	0.7192	False	0.47	2.07
22	32550255	C	T	C22orf42	Missense_Mutation	129	35	164	0.21341463414634146	2	1	1	0.9081	1	0.9081	0.9081	True	0.47	2.07
22	36003385	C	T	MB	Missense_Mutation	40	6	46	0.13043478260869565	2	1	1	0.555	1	0.555	0.555	False	0.47	2.07
22	38948707	G	A	DMC1	Missense_Mutation	42	12	54	0.2222222222222222	2	1	1	0.9456	1	0.9456	0.9456	True	0.47	2.07
22	39358507	G	A	APOBEC3A	Missense_Mutation	48	10	58	0.1724137931034483	2	1	1	0.7337	1	0.7337	0.7337	False	0.47	2.07
22	39439055	C	T	APOBEC3F	Missense_Mutation	43	19	62	0.3064516129032258	2	1	1	1.304	1	1.304	1.0	True	0.47	2.07
22	41195056	G	A	SLC25A17	Missense_Mutation	31	18	49	0.3673469387755102	2	1	1	1.5632	1	1.5632	1.0	True	0.47	2.07
22	41626344	G	A	L3MBTL2	3'UTR	9	2	11	0.18181818181818182	2	1	1	0.7737	1	0.7737	0.7737	False	0.47	2.07
22	45309857	G	A	PHF21B	Missense_Mutation	53	20	73	0.273972602739726	2	1	1	1.1658	1	1.1658	1.0	True	0.47	2.07
22	50705394	G	A	MAPK11	Silent	40	9	49	0.1836734693877551	2	1	1	0.7816	1	0.7816	0.7816	False	0.47	2.07
22	50869716	G	A	PPP6R2	Missense_Mutation	72	21	93	0.22580645161290322	2	1	1	0.9609	1	0.9609	0.9609	True	0.47	2.07
X	2951169	G	A	ARSH	Missense_Mutation	56	31	87	0.3563218390804598	2	1	1	1.5163	1	1.5163	1.0	True	0.47	2.07
X	20156729	T	C	EIF1AX	Missense_Mutation	74	31	105	0.29523809523809524	2	1	1	1.2563	1	1.2563	1.0	True	0.47	2.07
X	27766345	G	A	DCAF8L2	Missense_Mutation	49	14	63	0.2222222222222222	2	1	1	0.9456	1	0.9456	0.9456	True	0.47	2.07
X	35820590	G	A	MAGEB16	Missense_Mutation	11	9	20	0.45	2	1	1	1.9149	1	1.9149	1.0	True	0.47	2.07
X	36162748	C	T	CHDC2	Missense_Mutation	36	19	55	0.34545454545454546	2	1	1	1.47	1	1.47	1.0	True	0.47	2.07
X	37026557	C	T	FAM47C	Missense_Mutation	24	5	29	0.1724137931034483	2	1	1	0.7337	1	0.7337	0.7337	False	0.47	2.07
X	49851137	C	T	CLCN5	Silent	56	19	75	0.25333333333333335	2	1	1	1.078	1	1.078	1.0	True	0.47	2.07
X	50089728	G	A	CCNB3	Missense_Mutation	80	16	96	0.16666666666666666	2	1	1	0.7092	1	0.7092	0.7092	False	0.47	2.07
X	53563559	G	A	HUWE1	Silent	52	29	81	0.35802469135802467	2	1	1	1.5235	1	1.5235	1.0	True	0.47	2.07
X	73066348	G	A	XIST	RNA	87	36	123	0.2926829268292683	2	1	1	1.2455	1	1.2455	1.0	True	0.47	2.07
X	77912994	G	A	ZCCHC5	Silent	16	5	21	0.23809523809523808	2	1	1	1.0132	1	1.0132	1.0	True	0.47	2.07
X	105011435	C	T	IL1RAPL2	Silent	83	23	106	0.2169811320754717	2	1	1	0.9233	1	0.9233	0.9233	True	0.47	2.07
X	105193629	G	A	NRK	Missense_Mutation	43	14	57	0.24561403508771928	2	1	1	1.0452	1	1.0452	1.0	True	0.47	2.07
X	106034423	G	A	RNF128	Missense_Mutation	193	48	241	0.1991701244813278	2	1	1	0.8475	1	0.8475	0.8475	False	0.47	2.07
X	107838825	C	T	COL4A5	Missense_Mutation	56	16	72	0.2222222222222222	2	1	1	0.9456	1	0.9456	0.9456	True	0.47	2.07
X	114251824	G	A	IL13RA2	Silent	65	19	84	0.2261904761904762	2	1	1	0.9625	1	0.9625	0.9625	True	0.47	2.07
X	129149233	C	T	BCORL1	Silent	91	27	118	0.2288135593220339	2	1	1	0.9737	1	0.9737	0.9737	True	0.47	2.07
X	130410929	C	T	IGSF1	Silent	107	58	165	0.3515151515151515	2	1	1	1.4958	1	1.4958	1.0	True	0.47	2.07
X	132439895	G	A	GPC4	Missense_Mutation	186	87	273	0.31868131868131866	2	1	1	1.3561	1	1.3561	1.0	True	0.47	2.07
X	133378813	G	A	CCDC160	5'UTR	8	3	11	0.2727272727272727	2	1	1	1.1605	1	1.1605	1.0	True	0.47	2.07
X	135431105	C	T	GPR112	Missense_Mutation	105	51	156	0.3269230769230769	2	1	1	1.3912	1	1.3912	1.0	True	0.47	2.07
X	142716798	G	A	SLITRK4	Silent	91	44	135	0.32592592592592595	2	1	1	1.3869	1	1.3869	1.0	True	0.47	2.07
X	152981046	G	A	BCAP31	Missense_Mutation	74	42	116	0.3620689655172414	2	1	1	1.5407	1	1.5407	1.0	True	0.47	2.07
X	153594930	C	T	FLNA	Silent	47	21	68	0.3088235294117647	2	1	1	1.3141	1	1.3141	1.0	True	0.47	2.07
